时间		开盘		最高		最低		收盘		涨跌		涨幅%		振幅%		总手(万)		金额(亿)		
2016-03-07,一	2886.64		2911.84		2871.35		2897.34		+23.19		0.81		1.41		21746683000	208559320000	
2016-03-08,二	2895.67		2902.62		2802.56		2901.39		+4.05		0.14		3.45		23348266000	220513950000	
2016-03-09,三	2839.41		2863.01		2811.72		2862.56		-38.83		-1.34		1.77		18335538000	177072550000	
2016-03-10,四	2847.57		2863.18		2803.48		2804.73		-57.83		-2.02		2.09		13897946000	141812410000	
2016-03-11,五	2781.60		2815.61		2772.55		2810.31		+5.58		0.20		1.54		12724755400	128450313000	
2016-03-14,一	2830.08		2889.82		2823.03		2859.50		+49.19		1.75		2.38		19481603000	202793140000	
2016-03-15,二	2853.98		2865.79		2819.79		2864.37		+4.87		0.17		1.61		16338666000	170219520000	
2016-03-16,三	2858.71		2881.53		2854.19		2870.43		+6.06		0.21		0.954		18649253000	190193850000	
2016-03-17,四	2875.41		2921.00		2857.19		2904.83		+34.40		1.20		2.22		20029021000	213843630000	
2016-03-18,五	2915.52		2971.55		2908.74		2955.15		+50.32		1.73		2.16		31333273000	328241160000	
2016-03-21,一	2978.46		3028.32		2973.76		3018.80		+63.65		2.15		1.85		35240043000	380823080000	
2016-03-22,二	3001.63		3019.10		2988.43		2999.36		-19.44		-0.64		1.02		27037732000	311025310000	
2016-03-23,三	2991.17		3012.56		2980.86		3009.96		+10.60		0.35		1.06		21697746000	256328160000	
2016-03-24,四	2986.80		2998.15		2960.54		2960.97		-48.99		-1.63		1.25		23700640000	274795120000	
2016-03-25,五	2956.20		2981.41		2952.11		2979.43		+18.46		0.62		0.990		17507434000	200818430000	
2016-03-28,一	2988.01		3008.17		2948.53		2957.82		-21.61		-0.73		2.00		20202124000	232323730000	
2016-03-29,二	2956.71		2962.20		2905.25		2919.83		-37.99		-1.28		1.93		18296534000	201625830000	
2016-03-30,三	2941.22		3001.11		2941.22		3000.64		+80.81		2.77		2.05		21037145000	234410620000	
2016-03-31,四	3009.37		3023.41		2992.92		3003.92		+3.27		0.11		1.02		22041344000	252219750000	
2016-04-01,五	2997.09		3009.67		2956.25		3009.53		+5.61		0.19		1.78		20654586000	217520530000	
2016-04-05,二	3000.94		3057.33		2993.15		3053.07		+43.54		1.45		2.13		25673034000	276654680000	
2016-04-06,三	3039.74		3059.79		3029.00		3050.59		-2.47		-0.08		1.01		23226205000	254914550000	
2016-04-07,四	3058.34		3062.36		3007.06		3008.42		-42.17		-1.38		1.81		22091950000	243961810000	
2016-04-08,五	2988.20		2996.17		2960.46		2984.96		-23.46		-0.78		1.19		18790463000	207337090000	
2016-04-11,一	3006.91		3048.98		3006.91		3033.96		+49.00		1.64		1.41		22001832000	252328390000	
2016-04-12,二	3031.30		3036.82		3001.32		3023.65		-10.31		-0.34		1.17		18271866000	207079800000	
2016-04-13,三	3041.36		3097.16		3041.36		3066.64		+42.99		1.42		1.85		31000324000	331420680000	
2016-04-14,四	3080.09		3086.70		3056.99		3082.36		+15.72		0.51		0.969		20823783000	235056050000	
2016-04-15,五	3085.03		3089.95		3066.87		3078.12		-4.25		-0.14		0.749		18961305000	224141310000	
2016-04-18,一	3058.46		3058.46		3022.97		3033.66		-44.46		-1.44		1.15		18330451000	208613080000	
2016-04-19,二	3047.13		3054.50		3024.90		3042.82		+9.16		0.30		0.976		15653320000	180948010000	
2016-04-20,三	3050.38		3055.69		2905.05		2972.58		-70.24		-2.31		4.95		28314421000	311154870000	
2016-04-21,四	2954.37		2990.67		2943.46		2952.89		-19.69		-0.66		1.59		18940684000	206477120000	
2016-04-22,五	2933.03		2960.21		2926.78		2959.24		+6.35		0.22		1.13		13721166000	148800430000	
2016-04-25,一	2949.97		2954.09		2917.02		2946.67		-12.57		-0.42		1.25		12585624300	140638750000	
2016-04-26,二	2944.72		2965.43		2933.97		2964.70		+18.03		0.61		1.07		11771160400	134292450000	
2016-04-27,三	2967.19		2976.02		2949.43		2953.67		-11.03		-0.37		0.897		13086764000	150286300000	
2016-04-28,四	2955.74		2959.51		2916.37		2945.59		-8.08		-0.27		1.46		13866327000	154614690000	
2016-04-29,五	2935.38		2950.58		2930.36		2938.32		-7.27		-0.25		0.686		10931062800	128502732000	
2016-05-03,二	2940.39		2993.53		2929.81		2992.64		+54.32		1.85		2.17		16870364000	195816600000	
2016-05-04,三	2983.03		3004.42		2978.33		2991.27		-1.37		-0.05		0.872		16540710000	189046370000	
2016-05-05,四	2987.02		2999.12		2977.20		2997.84		+6.57		0.22		0.733		14483138000	163113770000	
2016-05-06,五	2998.40		3003.59		2913.04		2913.25		-84.59		-2.82		3.02		20679649000	234077430000	
2016-05-09,一	2896.16		2896.16		2821.83		2832.11		-81.14		-2.79		2.55		18037833000	188705680000	
2016-05-10,二	2822.33		2845.24		2820.16		2832.59		+0.48		0.02		0.885		12082931000	128535266000	
2016-05-11,三	2843.54		2857.25		2818.70		2837.04		+4.45		0.16		1.36		13579546000	146022520000	
2016-05-12,四	2812.11		2839.28		2781.24		2835.86		-1.18		-0.04		2.05		13633765000	140838630000	
2016-05-13,五	2828.46		2850.09		2814.11		2827.11		-8.75		-0.31		1.27		11431971000	123692646000	
2016-05-16,一	2816.78		2851.23		2804.99		2850.86		+23.75		0.84		1.64		11465359200	126844299000	
2016-05-17,二	2850.93		2860.32		2832.46		2843.68		-7.18		-0.25		0.977		12336906400	140000990000	
2016-05-18,三	2828.18		2828.26		2781.42		2807.51		-36.17		-1.27		1.65		14048782000	149396820000	
2016-05-19,四	2802.31		2829.40		2801.55		2806.91		-0.61		-0.02		0.992		11159507100	124151052000	
2016-05-20,五	2792.89		2825.95		2785.08		2825.48		+18.58		0.66		1.46		10870089900	123794592000	
2016-05-23,一	2826.31		2848.07		2826.26		2843.65		+18.16		0.64		0.772		12047045500	139950360000	
2016-05-24,二	2839.68		2839.70		2807.19		2821.67		-21.98		-0.77		1.14		11145244500	121096058000	
2016-05-25,三	2835.03		2843.17		2807.75		2815.09		-6.58		-0.23		1.26		10352726500	117767628000	
2016-05-26,四	2813.54		2827.09		2780.76		2822.44		+7.36		0.26		1.65		11476679700	127105183000	
2016-05-27,五	2817.97		2832.80		2809.80		2821.05		-1.40		-0.05		0.815		10984582300	123858864000	
2016-05-30,一	2814.65		2830.97		2794.66		2822.45		+1.40		0.05		1.29		10631958900	115587479000	
2016-05-31,二	2822.59		2917.14		2822.59		2916.62		+94.17		3.34		3.35		21526034000	236528500000	
2016-06-01,三	2917.15		2929.08		2909.51		2913.51		-3.11		-0.11		0.671		18838642000	219868040000	
2016-06-02,四	2911.22		2925.67		2906.52		2925.23		+11.72		0.40		0.657		15971691000	185084890000	
2016-06-03,五	2929.79		2945.52		2915.19		2938.68		+13.45		0.46		1.04		17202102000	211302470000	
2016-06-06,一	2940.99		2945.94		2922.28		2934.10		-4.59		-0.16		0.805		14199374000	172426790000	
2016-06-07,二	2936.28		2938.44		2923.50		2936.04		+1.95		0.07		0.509		13298786700	163605600000	
2016-06-08,三	2932.38		2937.99		2908.37		2927.16		-8.89		-0.30		1.01		14304607000	177377300000	
2016-06-13,一	2897.27		2911.16		2832.51		2833.07		-94.09		-3.21		2.69		16925543000	198547760000	
2016-06-14,二	2824.23		2843.46		2822.06		2842.19		+9.12		0.32		0.755		11975527400	138531750000	
2016-06-15,三	2814.69		2894.26		2811.78		2887.21		+45.02		1.58		2.90		16667106000	197199330000	
2016-06-16,四	2878.40		2887.74		2865.39		2872.82		-14.39		-0.50		0.774		17388276000	201957150000	
2016-06-17,五	2873.01		2900.30		2872.18		2885.11		+12.29		0.43		0.979		17147251000	195432490000	
2016-06-20,一	2887.64		2891.66		2864.02		2888.81		+3.70		0.13		0.958		13657105000	163734430000	
2016-06-21,二	2898.38		2919.30		2869.18		2878.56		-10.25		-0.35		1.74		16435908000	198201920000	
2016-06-22,三	2872.73		2905.98		2869.51		2905.55		+26.99		0.94		1.27		13059042400	156339380000	
2016-06-23,四	2902.40		2904.11		2878.66		2891.96		-13.59		-0.47		0.876		13613738000	163680270000	
2016-06-24,五	2883.76		2899.57		2807.60		2854.29		-37.67		-1.30		3.18		19084261000	214913450000	
2016-06-27,一	2840.56		2895.73		2840.28		2895.70		+41.42		1.45		1.94		15669747000	189854730000	
2016-06-28,二	2885.01		2913.58		2878.82		2912.56		+16.85		0.58		1.20		17387105000	211079310000	
2016-06-29,三	2918.53		2934.00		2915.06		2931.59		+19.04		0.65		0.650		19321559000	223406350000	
2016-06-30,四	2931.48		2938.14		2922.31		2929.61		-1.99		-0.07		0.540		15446493000	187459800000	
2016-07-01,五	2931.80		2944.99		2925.81		2932.48		+2.87		0.10		0.655		14124623000	173006180000	
2016-07-04,一	2924.29		2992.50		2922.52		2988.60		+56.13		1.91		2.39		22201713000	253150370000	
2016-07-05,二	2991.75		3010.28		2990.64		3006.39		+17.79		0.60		0.657		23520445000	270418010000	
2016-07-06,三	2998.52		3017.65		2984.83		3017.29		+10.90		0.36		1.09		21237092000	246497840000	
2016-07-07,四	3009.35		3024.11		2994.64		3016.85		-0.45		-0.01		0.977		22268167000	270197130000	
2016-07-08,五	3000.33		3001.55		2983.88		2988.09		-28.75		-0.95		0.586		16898686000	209672670000	
2016-07-11,一	2993.75		3022.94		2990.91		2994.92		+6.82		0.23		1.07		22433822000	271916500000	
2016-07-12,二	2992.52		3049.68		2984.42		3049.38		+54.46		1.82		2.18		25948630000	288656740000	
2016-07-13,三	3049.51		3069.05		3048.20		3060.69		+11.31		0.37		0.684		25365938000	279350870000	
2016-07-14,四	3054.98		3057.05		3036.52		3054.02		-6.67		-0.22		0.671		18019480000	208939030000	
2016-07-15,五	3056.68		3062.68		3044.54		3054.30		+0.28		0.01		0.594		17286640000	202840550000	
2016-07-18,一	3047.64		3058.32		3031.64		3043.56		-10.73		-0.35		0.874		17749656000	206667710000	
2016-07-19,二	3040.23		3043.60		3014.29		3036.60		-6.97		-0.23		0.963		15536147000	187206720000	
2016-07-20,三	3034.71		3043.00		3022.63		3027.90		-8.70		-0.29		0.671		13824282000	171472920000	
2016-07-21,四	3027.60		3053.33		3027.37		3039.01		+11.11		0.37		0.858		16376737000	200278460000	
2016-07-22,五	3038.12		3039.27		3007.46		3012.82		-26.19		-0.86		1.05		16201018000	197517350000	
2016-07-25,一	3008.09		3027.12		3003.29		3015.83		+3.01		0.10		0.791		14420658000	175422000000	
2016-07-26,二	3014.04		3050.62		3013.80		3050.17		+34.34		1.14		1.22		15669451000	185474470000	
2016-07-27,三	3050.37		3057.42		2939.23		2992.00		-58.17		-1.91		3.88		28016092000	316811390000	
2016-07-28,四	2980.50		3003.36		2968.18		2994.32		+2.32		0.08		1.18		19056495000	217627000000	
2016-07-29,五	2992.54		3000.06		2972.92		2979.34		-14.98		-0.50		0.906		15010153000	170198570000	
2016-08-01,一	2971.95		2972.88		2931.96		2953.39		-25.95		-0.87		1.37		14740776000	162372670000	
2016-08-02,二	2950.08		2971.28		2946.64		2971.28		+17.89		0.61		0.834		11546890000	129266873000	
2016-08-03,三	2963.22		2981.16		2956.79		2978.46		+7.18		0.24		0.820		14114133000	159088260000	
2016-08-04,四	2976.41		2982.86		2958.93		2982.43		+3.97		0.13		0.803		13393330100	153307960000	
2016-08-05,五	2978.78		2991.68		2971.56		2976.70		-5.73		-0.19		0.674		14185710000	161795980000	
2016-08-08,一	2972.63		3004.72		2959.05		3004.28		+27.58		0.93		1.53		15572983000	172089650000	
2016-08-09,二	3001.31		3025.91		2998.68		3025.68		+21.40		0.71		0.907		16999545000	187716870000	
2016-08-10,三	3023.47		3033.20		3017.09		3018.75		-6.94		-0.23		0.532		16467517000	184525180000	
2016-08-11,四	3013.68		3038.05		3001.17		3002.64		-16.11		-0.53		1.22		16187948000	179861530000	
2016-08-12,五	3000.27		3051.05		2999.04		3050.67		+48.03		1.60		1.73		16817366000	179304890000	
2016-08-15,一	3056.48		3137.48		3053.87		3125.20		+74.53		2.44		2.74		29761651000	327991130000	
2016-08-16,二	3130.53		3140.44		3102.07		3110.04		-15.16		-0.49		1.23		27832893000	308544860000	
2016-08-17,三	3106.99		3114.26		3090.28		3109.56		-0.48		-0.02		0.771		21383964000	243405250000	
2016-08-18,四	3107.75		3125.58		3093.32		3104.11		-5.44		-0.17		1.04		22935908000	256969680000	
2016-08-19,五	3100.39		3113.34		3082.77		3108.10		+3.99		0.13		0.985		19434745000	212050970000	
2016-08-22,一	3107.38		3112.74		3083.59		3084.81		-23.30		-0.75		0.938		18538793000	207638870000	
2016-08-23,二	3081.57		3101.11		3073.53		3089.71		+4.90		0.16		0.894		16136897000	179183490000	
2016-08-24,三	3092.02		3097.15		3079.55		3085.88		-3.83		-0.12		0.570		14570744000	168362530000	
2016-08-25,四	3073.44		3073.44		3041.51		3068.33		-17.55		-0.57		1.04		17403298000	200859750000	
2016-08-26,五	3069.85		3087.65		3063.89		3070.31		+1.98		0.06		0.774		14966390000	176309500000	
2016-08-29,一	3068.46		3074.94		3058.79		3070.03		-0.28		-0.01		0.526		14450001000	166397350000	
2016-08-30,二	3071.44		3082.99		3065.97		3074.68		+4.65		0.15		0.554		14043481000	163878820000	
2016-08-31,三	3072.92		3087.70		3063.40		3085.49		+10.81		0.35		0.790		14136861000	168986120000	
2016-09-01,四	3083.96		3088.70		3062.88		3063.31		-22.19		-0.72		0.837		15519109000	177093300000	
2016-09-02,五	3057.50		3072.53		3050.49		3067.35		+4.05		0.13		0.719		15044692000	170592140000	
2016-09-05,一	3070.71		3085.49		3065.33		3072.10		+4.74		0.15		0.657		14496332000	161243680000	
2016-09-06,二	3071.06		3095.51		3053.19		3090.71		+18.62		0.61		1.38		17290852000	193057730000	
2016-09-07,三	3091.33		3105.68		3087.88		3091.93		+1.22		0.04		0.576		18695676000	207162120000	
2016-09-08,四	3089.95		3096.78		3083.90		3095.95		+4.03		0.13		0.417		14588377000	165944470000	
2016-09-09,五	3095.43		3101.79		3078.22		3078.86		-17.10		-0.55		0.761		16069292000	182056230000	
2016-09-12,一	3037.51		3040.95		2999.93		3021.98		-56.88		-1.85		1.33		20601209000	221846570000	
2016-09-13,二	3025.04		3029.72		3008.74		3023.51		+1.53		0.05		0.694		13538758000	152791310000	
2016-09-14,三	3008.90		3017.95		2995.42		3002.85		-20.66		-0.68		0.745		13341340100	148148970000	
2016-09-19,一	3005.32		3026.65		3005.32		3026.05		+23.20		0.77		0.710		11922502700	133168828000	
2016-09-20,二	3027.17		3027.82		3015.88		3023.00		-3.05		-0.10		0.394		11892411700	139662300000	
2016-09-21,三	3021.58		3032.45		3017.54		3025.87		+2.87		0.10		0.493		11572121300	134133726000	
2016-09-22,四	3038.42		3054.44		3035.07		3042.31		+16.44		0.54		0.640		13930955000	159031060000	
2016-09-23,五	3044.79		3046.81		3032.80		3033.90		-8.42		-0.28		0.460		12559097600	147377740000	
2016-09-26,一	3028.24		3028.24		2980.12		2980.43		-53.47		-1.76		1.59		14433029000	162257250000	
2016-09-27,二	2974.59		2998.23		2969.13		2998.17		+17.74		0.60		0.976		12170145000	133372708000	
2016-09-28,三	3000.70		3000.70		2984.32		2987.86		-10.31		-0.34		0.546		10462569700	116437377000	
2016-09-29,四	2992.17		3009.20		2991.91		2998.48		+10.63		0.36		0.579		11321391900	122728570000	
2016-09-30,五	2994.25		3009.20		2993.06		3004.70		+6.22		0.21		0.538		10133356200	112794538000	
2016-10-10,一	3020.46		3048.24		3014.62		3048.14		+43.44		1.45		1.12		16005110000	175521790000	
2016-10-11,二	3051.62		3066.10		3048.02		3065.25		+17.11		0.56		0.593		16727350000	183787650000	
2016-10-12,三	3057.32		3060.51		3048.89		3058.50		-6.75		-0.22		0.379		14249358000	159982960000	
2016-10-13,四	3057.97		3065.00		3052.64		3061.35		+2.85		0.09		0.404		15475673000	166335870000	
2016-10-14,五	3056.99		3064.79		3043.18		3063.81		+2.46		0.08		0.706		15537371000	163792990000	
2016-10-17,一	3064.69		3068.81		3033.75		3041.17		-22.64		-0.74		1.14		16373327000	180594080000	
2016-10-18,二	3037.40		3084.19		3037.40		3083.88		+42.71		1.40		1.54		18204246000	196036130000	
2016-10-19,三	3085.75		3096.22		3076.77		3084.72		+0.84		0.03		0.631		18247014000	197481140000	
2016-10-20,四	3084.91		3089.68		3076.30		3084.46		-0.26		-0.01		0.434		16069136000	177674540000	
2016-10-21,五	3081.39		3101.85		3069.27		3090.94		+6.48		0.21		1.06		18738807000	201953660000	
2016-10-24,一	3092.05		3137.03		3090.79		3128.25		+37.31		1.21		1.50		24052235000	250354390000	
2016-10-25,二	3127.97		3132.50		3121.05		3131.94		+3.69		0.12		0.366		20338090000	220861460000	
2016-10-26,三	3129.84		3129.84		3110.39		3116.31		-15.63		-0.50		0.621		19166326000	215767710000	
2016-10-27,四	3112.60		3114.76		3100.39		3112.35		-3.96		-0.13		0.461		15800879000	182237130000	
2016-10-28,五	3111.70		3128.64		3101.24		3104.27		-8.08		-0.26		0.880		18177412000	212593010000	
2016-10-31,一	3097.19		3102.30		3081.07		3100.49		-3.78		-0.12		0.684		15150676000	178427750000	
2016-11-01,二	3101.66		3122.61		3097.04		3122.44		+21.95		0.71		0.825		16023203000	195831590000	
2016-11-02,三	3115.73		3118.98		3099.82		3102.73		-19.71		-0.63		0.614		18272207000	221676540000	
2016-11-03,四	3096.77		3140.93		3094.10		3128.94		+26.21		0.84		1.51		22298626000	265820360000	
2016-11-04,五	3126.35		3141.33		3119.54		3125.32		-3.62		-0.12		0.696		19768320000	239043260000	
2016-11-07,一	3124.89		3139.20		3117.10		3133.33		+8.01		0.26		0.707		17941849000	210602320000	
2016-11-08,二	3140.94		3156.88		3134.95		3147.89		+14.56		0.46		0.700		19084698000	221585120000	
2016-11-09,三	3146.08		3146.95		3096.95		3128.37		-19.52		-0.62		1.59		24111496000	277229390000	
2016-11-10,四	3148.54		3172.31		3148.54		3171.28		+42.91		1.37		0.760		24419260000	285992810000	
2016-11-11,五	3169.40		3202.74		3166.07		3196.04		+24.76		0.78		1.16		31085458000	343773950000	
2016-11-14,一	3187.71		3221.46		3186.80		3210.37		+14.33		0.45		1.08		32960831000	346974630000	
2016-11-15,二	3209.95		3214.29		3195.04		3206.99		-3.38		-0.11		0.600		24088635000	267003870000	
2016-11-16,三	3208.50		3210.89		3195.41		3205.06		-1.93		-0.06		0.483		22176699000	244854510000	
2016-11-17,四	3198.50		3211.05		3187.21		3208.45		+3.39		0.11		0.744		21420624000	226775850000	
2016-11-18,五	3207.19		3212.39		3187.50		3192.86		-15.59		-0.49		0.776		20982664000	235352060000	
2016-11-21,一	3188.50		3229.76		3188.28		3218.15		+25.29		0.79		1.30		23065284000	263177810000	
2016-11-22,二	3220.98		3249.68		3220.98		3248.35		+30.20		0.94		0.892		26163155000	292484830000	
2016-11-23,三	3247.94		3262.88		3231.59		3241.14		-7.21		-0.22		0.963		24995959000	277942470000	
2016-11-24,四	3237.43		3257.86		3232.87		3241.74		+0.60		0.02		0.771		23232453000	267224710000	
2016-11-25,五	3241.24		3262.44		3209.60		3261.94		+20.20		0.62		1.63		23392160000	259117040000	
2016-11-28,一	3270.05		3288.34		3267.67		3277.00		+15.06		0.46		0.634		28155125000	300460150000	
2016-11-29,二	3269.23		3301.21		3263.40		3282.92		+5.92		0.18		1.15		32083629000	348149350000	
2016-11-30,三	3272.14		3277.27		3239.52		3250.03		-32.89		-1.00		1.15		24357605000	262808740000	
2016-12-01,四	3257.03		3279.67		3256.26		3273.31		+23.28		0.72		0.720		23775986000	261553930000	
2016-12-02,五	3270.12		3279.71		3235.28		3243.84		-29.47		-0.90		1.36		25956721000	281559100000	
2016-12-05,一	3203.78		3219.52		3194.88		3204.71		-39.13		-1.21		0.760		22301039000	238598030000	
2016-12-06,二	3202.03		3215.31		3196.52		3199.65		-5.06		-0.16		0.586		15757269000	177170150000	
2016-12-07,三	3198.47		3222.43		3189.49		3222.24		+22.59		0.71		1.03		16907285000	189443850000	
2016-12-08,四	3225.55		3228.12		3211.47		3215.37		-6.87		-0.21		0.517		17071017000	197802070000	
2016-12-09,五	3209.34		3244.80		3207.04		3232.88		+17.51		0.54		1.17		20402396000	226387160000	
2016-12-12,一	3233.67		3245.09		3149.90		3152.97		-79.91		-2.47		2.94		27470846000	294260140000	
2016-12-13,二	3138.99		3162.50		3118.71		3155.04		+2.07		0.07		1.39		18516450000	203175460000	
2016-12-14,三	3149.38		3170.02		3136.35		3140.53		-14.51		-0.46		1.07		20135889000	219206160000	
2016-12-15,四	3125.76		3138.78		3100.91		3117.68		-22.85		-0.73		1.21		18999063000	212863240000	
2016-12-16,五	3111.51		3128.87		3106.35		3122.98		+5.30		0.17		0.722		16498870000	189844750000	
2016-12-19,一	3120.70		3125.28		3110.08		3118.08		-4.90		-0.16		0.487		15416972000	174500240000	
2016-12-20,二	3115.90		3117.01		3084.80		3102.88		-15.20		-0.49		1.03		15742676000	171611880000	
2016-12-21,三	3107.24		3140.25		3107.24		3137.43		+34.55		1.11		1.06		18670661000	204247810000	
2016-12-22,四	3132.16		3143.17		3126.89		3139.56		+2.13		0.07		0.519		16780499000	185981560000	
2016-12-23,五	3134.93		3138.40		3103.75		3110.15		-29.41		-0.94		1.10		16617677000	189281180000	
2016-12-26,一	3095.58		3122.88		3068.42		3122.57		+12.42		0.40		1.75		15257188000	170555610000	
2016-12-27,二	3117.39		3127.88		3113.75		3114.66		-7.91		-0.25		0.453		14152894000	162193910000	
2016-12-28,三	3113.77		3118.78		3094.55		3102.24		-12.42		-0.40		0.778		13572709000	154329650000	
2016-12-29,四	3095.84		3111.80		3087.34		3096.10		-6.14		-0.20		0.788		13262329200	149919180000	
2016-12-30,五	3097.35		3108.84		3089.99		3103.64		+7.54		0.24		0.609		13326713000	151732780000	
2017-01-03,二	3105.31		3136.46		3105.31		3135.92		+32.28		1.04		1.00		14156719000	159887140000	
2017-01-04,三	3133.79		3160.10		3130.11		3158.79		+22.87		0.73		0.956		16786085000	195914290000	
2017-01-05,四	3157.91		3168.50		3154.28		3165.41		+6.62		0.21		0.450		17472765000	199692030000	
2017-01-06,五	3163.78		3172.03		3153.03		3154.32		-11.09		-0.35		0.600		18370897000	207296040000	
2017-01-09,一	3148.53		3173.14		3147.74		3171.24		+16.92		0.54		0.805		17171408000	192110580000	
2017-01-10,二	3167.57		3174.58		3157.33		3161.67		-9.57		-0.30		0.544		17975922000	194963220000	
2017-01-11,三	3156.69		3167.03		3136.27		3136.75		-24.92		-0.79		0.973		17836222000	189186460000	
2017-01-12,四	3133.60		3144.97		3115.98		3119.29		-17.46		-0.56		0.924		14888924000	161922300000	
2017-01-13,五	3116.08		3130.51		3102.16		3112.76		-6.53		-0.21		0.909		15627421000	174438550000	
2017-01-16,一	3104.49		3105.14		3044.29		3103.43		-9.33		-0.30		1.95		25788600000	262826040000	
2017-01-17,二	3087.03		3108.91		3072.34		3108.77		+5.34		0.17		1.18		13615786000	154757550000	
2017-01-18,三	3104.77		3123.72		3098.59		3113.01		+4.24		0.14		0.808		13178012800	144546720000	
2017-01-19,四	3104.97		3115.78		3094.01		3101.30		-11.71		-0.38		0.699		12385142000	139280460000	
2017-01-20,五	3095.82		3125.66		3095.21		3123.14		+21.84		0.70		0.982		12236677700	141471810000	
2017-01-23,一	3125.42		3145.84		3125.42		3136.77		+13.63		0.44		0.654		13266039200	148145740000	
2017-01-24,二	3134.59		3149.53		3131.22		3142.55		+5.78		0.18		0.584		12597388100	134553850000	
2017-01-25,三	3137.65		3151.47		3133.19		3149.55		+7.00		0.22		0.582		11207382700	126765830000	
2017-01-26,四	3149.22		3163.10		3148.91		3159.17		+9.62		0.31		0.451		11387677200	125013194000	
2017-02-03,五	3160.08		3162.68		3136.01		3140.17		-19.00		-0.60		0.844		9222473600	108023660000	
2017-02-06,一	3143.09		3158.84		3135.39		3156.98		+16.81		0.54		0.747		12719828300	150067690000	
2017-02-07,二	3154.40		3159.54		3140.04		3153.09		-3.89		-0.12		0.618		12833744200	152559090000	
2017-02-08,三	3148.09		3167.45		3132.03		3166.98		+13.89		0.44		1.12		14492019000	170854130000	
2017-02-09,四	3164.69		3186.84		3162.57		3183.18		+16.20		0.51		0.766		19164033000	209723160000	
2017-02-10,五	3183.01		3205.05		3182.80		3196.70		+13.52		0.42		0.699		23934891000	245772160000	
2017-02-13,一	3198.99		3219.41		3198.99		3216.84		+20.14		0.63		0.639		22019151000	236158770000	
2017-02-14,二	3216.14		3219.40		3205.29		3217.93		+1.09		0.03		0.439		18879809000	204253820000	
2017-02-15,三	3215.46		3236.00		3206.56		3212.99		-4.94		-0.15		0.915		24150771000	257965240000	
2017-02-16,四	3210.36		3230.28		3207.79		3229.62		+16.63		0.52		0.700		21695594000	226587610000	
2017-02-17,五	3227.71		3238.40		3199.42		3202.08		-27.54		-0.85		1.21		22622818000	248572750000	
2017-02-20,一	3198.96		3241.46		3198.96		3239.96		+37.88		1.18		1.33		23215210000	250276130000	
2017-02-21,二	3242.22		3254.34		3239.88		3253.33		+13.37		0.41		0.446		21167307000	233551180000	
2017-02-22,三	3252.69		3261.38		3243.84		3261.22		+7.89		0.24		0.539		20745378000	234815330000	
2017-02-23,四	3258.83		3264.08		3236.35		3251.38		-9.84		-0.30		0.850		20917980000	236822580000	
2017-02-24,五	3246.86		3253.96		3233.53		3253.43		+2.05		0.06		0.628		18640636000	213839040000	
2017-02-27,一	3249.19		3251.65		3224.09		3228.66		-24.77		-0.76		0.847		18258107000	211395720000	
2017-02-28,二	3225.97		3242.68		3225.97		3241.73		+13.07		0.40		0.518		15124432000	186019290000	
2017-03-01,三	3240.07		3259.98		3237.87		3246.93		+5.20		0.16		0.682		19067755000	225940970000	
2017-03-02,四	3250.52		3256.81		3228.66		3230.03		-16.90		-0.52		0.867		18121508000	223043960000	
2017-03-03,五	3219.20		3221.16		3206.61		3218.31		-11.72		-0.36		0.450		15708237000	192707920000	
2017-03-06,一	3217.33		3234.66		3215.07		3233.87		+15.56		0.48		0.609		15609216000	193769170000	
2017-03-07,二	3233.09		3242.66		3226.82		3242.41		+8.54		0.26		0.490		16406424000	209931210000	
2017-03-08,三	3240.53		3245.30		3230.61		3240.66		-1.75		-0.05		0.453		16073139000	198225780000	
2017-03-09,四	3233.70		3233.87		3205.28		3216.75		-23.91		-0.74		0.882		16737111000	199217650000	
2017-03-10,五	3213.73		3222.32		3208.45		3212.76		-3.99		-0.12		0.431		13667274000	173663170000	
2017-03-13,一	3209.45		3237.12		3193.16		3237.02		+24.26		0.76		1.37		16367376000	206919740000	
2017-03-14,二	3235.25		3246.33		3231.52		3239.33		+2.31		0.07		0.458		14694602000	191535130000	
2017-03-15,三	3235.40		3243.71		3227.74		3241.76		+2.43		0.08		0.493		14405568000	185727250000	
2017-03-16,四	3247.16		3269.77		3247.16		3268.94		+27.18		0.84		0.697		18941600000	244508340000	
2017-03-17,五	3271.87		3274.19		3232.28		3237.45		-31.49		-0.96		1.28		20058322000	262184050000	
2017-03-20,一	3241.11		3251.13		3228.12		3250.81		+13.36		0.41		0.711		17054843000	213951760000	
2017-03-21,二	3250.25		3262.22		3246.70		3261.61		+10.80		0.33		0.477		16271931000	219121270000	
2017-03-22,三	3246.22		3255.78		3229.13		3245.22		-16.39		-0.50		0.817		18973165000	244545460000	
2017-03-23,四	3245.81		3262.09		3221.93		3248.55		+3.33		0.10		1.24		19302914000	258246690000	

