0.532374100719
0.553956834532
0.539568345324
0.482014388489
0.395683453237
0.482014388489
0.431654676259
0.705035971223
0.63309352518
0.453237410072
0.474820143885
0.561151079137
0.438848920863
0.395683453237
0.388489208633
0.374100719424
0.323741007194
0.410071942446
0.41726618705
0.467625899281
0.482014388489
0.446043165468
0.345323741007
0.31654676259
0.345323741007
0.330935251799
0.395683453237
0.41726618705
0.474820143885
0.482014388489
0.474820143885
0.532374100719
0.705035971223
0.676258992806
0.647482014388
0.705035971223
0.654676258993
0.647482014388
0.63309352518
0.589928057554
0.58273381295
0.568345323741
0.553956834532
0.525179856115
0.510791366906
0.525179856115
0.532374100719
0.489208633094
0.460431654676
0.431654676259
0.410071942446
0.36690647482
0.31654676259
0.309352517986
0.201438848921
0.194244604317
0.215827338129
0.244604316547
0.258992805755
0.395683453237
0.374100719424
0.294964028777
0.309352517986
0.294964028777
0.31654676259
0.31654676259
0.302158273381
0.374100719424
0.330935251799
0.36690647482
0.374100719424
0.395683453237
0.359712230216
0.352517985612
0.359712230216
0.309352517986
0.230215827338
0.194244604317
0.395683453237
0.359712230216
0.280575539568
0.345323741007
0.302158273381
0.258992805755
0.273381294964
0.26618705036
0.309352517986
0.395683453237
0.669064748201
0.611510791367
0.553956834532
0.884892086331
0.920863309353
0.676258992806
0.568345323741
0.539568345324
0.489208633094
0.467625899281
0.467625899281
0.446043165468
0.431654676259
0.460431654676
0.453237410072
0.438848920863
0.395683453237
0.625899280576
0.489208633094
0.467625899281
0.474820143885
0.654676258993
0.669064748201
0.870503597122
0.848920863309
0.604316546763
0.604316546763
0.568345323741
0.539568345324
0.532374100719
0.517985611511
0.525179856115
0.517985611511
0.496402877698
0.546762589928
0.532374100719
0.525179856115
0.532374100719
0.561151079137
0.553956834532
0.525179856115
0.525179856115
0.525179856115
0.517985611511
0.525179856115
0.525179856115
0.532374100719
0.532374100719
0.532374100719
0.575539568345
0.568345323741
0.539568345324
0.517985611511
0.510791366906
0.467625899281
0.496402877698
0.546762589928
0.532374100719
0.510791366906
0.482014388489
0.474820143885
0.496402877698
0.489208633094
0.503597122302
0.510791366906
0.510791366906
0.575539568345
0.568345323741
0.539568345324
0.510791366906
0.525179856115
0.503597122302
0.453237410072
0.438848920863
0.453237410072
0.438848920863
0.410071942446
0.424460431655
0.41726618705
0.410071942446
0.438848920863
0.460431654676
0.453237410072
0.446043165468
0.438848920863
0.446043165468
0.496402877698
0.517985611511
0.625899280576
0.575539568345
0.589928057554
0.697841726619
0.63309352518
0.661870503597
0.827338129496
0.63309352518
0.618705035971
0.618705035971
0.58273381295
0.812949640288
0.870503597122
0.870503597122
0.812949640288
1.0
0.920863309353
0.669064748201
0.525179856115
0.553956834532
0.467625899281
0.446043165468
0.41726618705
0.395683453237
0.410071942446
0.359712230216
0.345323741007
0.36690647482
0.402877697842
0.374100719424
0.374100719424
0.352517985612
0.31654676259
0.323741007194
0.323741007194
0.309352517986
0.359712230216
0.482014388489
0.424460431655
0.431654676259
0.474820143885
0.460431654676
0.474820143885
0.496402877698
0.474820143885
0.496402877698
0.489208633094
0.453237410072
0.424460431655
0.388489208633
0.395683453237
0.388489208633
0.41726618705
0.395683453237
0.41726618705
0.410071942446
0.388489208633
0.395683453237
0.424460431655
0.374100719424
0.36690647482
0.359712230216
0.345323741007
0.330935251799
0.323741007194
0.330935251799
0.280575539568
0.26618705036
0.273381294964
0.26618705036
0.223021582734
0.208633093525
0.194244604317
0.194244604317
0.194244604317
0.215827338129
0.208633093525
0.158273381295
0.0791366906475
0.0287769784173
0.0
min:8.6	max:9.99
