时间		开盘		最高		最低		收盘		涨幅		振幅		总手		金额		换手%		成交次数		
2016-03-07,一	9.25		9.34		9.11		9.17		-1.71%		2.47%		121,800,761	1,120,412,940	0.412		2782		
2016-03-08,二	9.11		9.37		8.73		9.29		+1.31%		6.98%		137,904,130	1,247,011,600	0.467		2659		
2016-03-09,三	9.01		9.35		8.91		9.34		+0.54%		4.74%		179,947,700	1,654,141,400	0.609		2489		
2016-03-10,四	9.18		9.27		9.02		9.05		-3.10%		2.68%		81,971,811	749,221,020	0.277		2589		
2016-03-11,五	9.00		9.15		8.87		9.12		+0.77%		3.09%		86,822,433	785,309,400	0.294		2365		
2016-03-14,一	9.19		9.27		8.94		9.03		-0.99%		3.62%		93,900,677	856,642,710	0.318		2710		
2016-03-15,二	9.08		9.20		8.96		9.17		+1.55%		2.66%		71,665,039	651,887,440	0.243		2500		
2016-03-16,三	9.11		9.58		9.08		9.44		+2.94%		5.45%		340,492,240	3,209,502,800	1.15		2794		
2016-03-17,四	9.46		9.48		9.01		9.20		-2.54%		4.98%		172,358,070	1,590,776,700	0.583		2674		
2016-03-18,五	9.19		9.23		9.08		9.13		-0.76%		1.63%		154,331,490	1,413,272,800	0.522		2805		
2016-03-21,一	9.16		9.26		9.12		9.20		+0.77%		1.53%		86,113,968	792,628,820	0.291		2723		
2016-03-22,二	9.24		9.38		9.15		9.19		-0.11%		2.50%		86,599,242	801,440,080	0.293		2592		
2016-03-23,三	9.15		9.21		9.12		9.16		-0.33%		0.98%		49,278,679	451,896,390	0.167		2566		
2016-03-24,四	9.12		9.15		9.08		9.09		-0.76%		0.76%		56,862,433	517,297,860	0.192		2483		
2016-03-25,五	9.09		9.14		9.09		9.09		+0.00%		0.55%		35,564,541	323,644,190	0.120		2423		
2016-03-28,一	9.10		9.12		8.86		8.93		-1.76%		2.86%		75,006,156	675,638,310	0.254		2661		
2016-03-29,二	8.96		9.05		8.92		8.94		+0.11%		1.46%		56,201,105	505,016,380	0.190		2642		
2016-03-30,三	9.02		9.17		8.97		9.14		+2.24%		2.24%		75,089,889	681,081,720	0.254		2502		
2016-03-31,四	9.17		9.18		9.06		9.11		-0.33%		1.31%		34,874,010	317,617,010	0.118		2512		
2016-04-01,五	9.14		9.25		8.98		9.24		+1.43%		2.96%		94,110,162	862,334,340	0.318		2389		
2016-04-05,二	9.12		9.27		9.01		9.22		-0.22%		2.81%		70,146,624	641,918,120	0.237		2692		
2016-04-06,三	9.13		9.22		9.01		9.05		-1.84%		2.28%		104,380,981	946,880,150	0.353		2654		
2016-04-07,四	9.07		9.08		8.98		8.99		-0.66%		1.10%		57,633,283	519,530,370	0.195		2403		
2016-04-08,五	8.92		9.04		8.89		8.99		+0.00%		1.67%		41,917,126	376,952,960	0.142		2299		
2016-04-11,一	8.95		9.08		8.95		9.01		+0.22%		1.45%		49,848,199	450,314,670	0.169		2392		
2016-04-12,二	9.03		9.06		8.99		9.03		+0.22%		0.78%		33,049,869	298,266,580	0.112		2193		
2016-04-13,三	9.06		9.15		9.02		9.11		+0.89%		1.44%		113,694,986	1,035,536,490	0.385		2464		
2016-04-14,四	9.18		9.18		9.09		9.11		+0.00%		0.99%		70,910,543	647,034,050	0.240		2192		
2016-04-15,五	9.14		9.26		9.11		9.21		+1.10%		1.65%		116,850,044	1,075,061,870	0.395		2667		
2016-04-18,一	9.11		9.27		9.10		9.19		-0.22%		1.85%		108,633,799	1,002,520,820	0.368		2456		
2016-04-19,二	9.23		9.26		9.15		9.20		+0.11%		1.20%		84,446,088	778,031,960	0.286		2385		
2016-04-20,三	9.20		9.34		8.93		9.32		+1.30%		4.46%		159,289,050	1,462,074,600	0.539		2500		
2016-04-21,四	9.24		9.58		9.20		9.30		-0.21%		4.08%		166,955,090	1,570,407,200	0.565		2580		
2016-04-22,五	9.25		9.54		9.23		9.40		+1.08%		3.33%		73,060,688	687,777,250	0.247		2508		
2016-04-25,一	9.32		9.50		9.25		9.44		+0.43%		2.66%		70,294,066	662,746,750	0.238		2393		
2016-04-26,二	9.40		9.58		9.38		9.46		+0.21%		2.12%		75,849,017	715,842,100	0.257		2114		
2016-04-27,三	9.50		9.51		9.38		9.39		-0.74%		1.37%		75,642,231	713,834,310	0.256		2188		
2016-04-28,四	9.43		9.50		9.33		9.37		-0.21%		1.81%		44,022,757	414,173,680	0.149		2152		
2016-04-29,五	9.36		9.48		9.29		9.30		-0.75%		2.03%		69,704,517	653,497,040	0.236		2399		
2016-05-03,二	9.31		9.42		9.28		9.38		+0.86%		1.51%		45,857,553	429,277,700	0.155		2211		
2016-05-04,三	9.30		9.41		9.30		9.38		+0.00%		1.17%		23,346,729	218,537,650	0.079		1991		
2016-05-05,四	9.35		9.39		9.34		9.36		-0.21%		0.53%		23,339,999	218,547,020	0.079		2099		
2016-05-06,五	9.36		9.37		9.23		9.26		-1.07%		1.50%		42,386,881	394,524,300	0.143		2151		
2016-05-09,一	9.25		9.33		9.11		9.22		-0.43%		2.38%		46,376,407	428,376,260	0.157		2356		
2016-05-10,二	9.13		9.31		9.13		9.26		+0.43%		1.95%		35,271,024	326,325,200	0.119		2246		
2016-05-11,三	9.28		9.33		9.23		9.28		+0.22%		1.08%		36,948,245	342,794,140	0.125		2118		
2016-05-12,四	9.27		9.34		9.23		9.27		-0.11%		1.19%		73,296,372	679,291,050	0.248		2446		
2016-05-13,五	9.23		9.28		9.18		9.19		-0.86%		1.08%		108,521,482	1,003,169,360	0.367		2511		
2016-05-16,一	9.15		9.24		9.15		9.20		+0.11%		0.98%		33,077,545	303,958,060	0.112		1988		
2016-05-17,二	9.20		9.20		9.07		9.08		-1.30%		1.41%		56,884,363	517,681,180	0.192		2382		
2016-05-18,三	9.08		9.17		9.02		9.13		+0.55%		1.65%		138,645,360	1,257,228,140	0.469		2138		
2016-05-19,四	9.10		9.11		8.99		9.00		-1.42%		1.31%		57,010,744	516,598,540	0.193		2262		
2016-05-20,五	8.98		9.04		8.98		9.00		+0.00%		0.67%		157,346,350	1,416,296,600	0.532		1981		
2016-05-23,一	9.00		9.03		8.86		8.87		-1.44%		1.89%		128,147,729	1,144,884,240	0.434		2443		
2016-05-24,二	8.88		8.88		8.66		8.68		-2.14%		2.48%		217,477,170	1,897,145,500	0.736		2688		
2016-05-25,三	8.75		8.87		8.69		8.86		+2.07%		2.07%		74,010,107	651,147,900	0.250		2669		
2016-05-26,四	8.82		8.90		8.81		8.90		+0.45%		1.02%		60,354,785	535,720,670	0.204		2619		
2016-05-27,五	8.85		8.94		8.83		8.91		+0.11%		1.24%		72,153,268	641,621,330	0.244		2231		
2016-05-30,一	8.91		8.96		8.83		8.95		+0.45%		1.46%		125,372,463	1,120,553,440	0.424		2319		
2016-05-31,二	8.96		9.15		8.96		9.09		+1.56%		2.12%		141,216,150	1,282,544,030	0.478		2675		
2016-06-01,三	9.12		9.12		8.97		8.98		-1.21%		1.65%		107,149,201	965,827,220	0.363		2640		
2016-06-02,四	8.98		9.01		8.92		8.97		-0.11%		1.00%		50,064,989	448,230,870	0.169		2530		
2016-06-03,五	9.03		9.03		8.91		8.99		+0.22%		1.34%		62,866,686	562,930,860	0.213		2503		
2016-06-06,一	8.98		9.01		8.93		9.01		+0.22%		0.89%		52,606,789	472,082,690	0.178		2549		
2016-06-07,二	9.03		9.04		8.98		9.00		-0.11%		0.67%		48,827,367	440,026,540	0.165		2341		
2016-06-08,三	9.00		9.04		8.98		9.00		+0.00%		0.67%		95,472,445	859,841,670	0.323		2490		
2016-06-13,一	8.94		9.02		8.93		8.95		-0.56%		1.00%		85,482,976	767,476,170	0.289		2491		
2016-06-14,二	8.95		9.12		8.91		9.03		+0.89%		2.35%		83,740,130	756,754,100	0.283		2413		
2016-06-15,三	8.93		9.06		8.92		9.05		+0.22%		1.55%		79,216,571	713,886,190	0.268		2457		
2016-06-16,四	8.98		9.11		8.97		9.02		-0.33%		1.55%		56,190,499	508,928,040	0.190		2212		
2016-06-17,五	9.01		9.12		9.01		9.08		+0.67%		1.22%		57,320,529	520,135,960	0.194		2567		
2016-06-20,一	9.11		9.15		8.99		9.05		-0.33%		1.76%		27,967,649	252,641,610	0.095		1936		
2016-06-21,二	9.04		9.10		9.02		9.08		+0.33%		0.88%		42,522,729	385,440,050	0.144		2173		
2016-06-22,三	9.07		9.09		9.03		9.08		+0.00%		0.66%		30,033,597	272,366,850	0.102		1744		
2016-06-23,四	9.10		9.10		9.03		9.09		+0.11%		0.77%		39,983,069	363,168,120	0.135		1921		
2016-06-24,五	8.98		9.03		8.79		8.84		-2.75%		2.64%		56,784,109	504,468,190	0.192		2081		
2016-06-27,一	8.84		8.92		8.82		8.87		+0.34%		1.13%		61,454,882	544,070,300	0.208		2305		
2016-06-28,二	8.86		8.87		8.82		8.84		-0.34%		0.56%		45,865,553	405,380,760	0.155		1991		
2016-06-29,三	8.86		9.15		8.81		9.14		+3.39%		3.85%		174,671,350	1,570,743,400	0.591		2395		
2016-06-30,四	9.06		9.10		8.88		8.93		-2.30%		2.41%		85,664,445	768,581,220	0.290		2453		
2016-07-01,五	8.94		8.99		8.90		8.93		+0.00%		1.01%		38,634,089	345,519,880	0.131		1999		
2016-07-04,一	8.92		9.08		8.92		9.02		+1.01%		1.79%		67,891,487	612,648,070	0.230		2272		
2016-07-05,二	8.98		9.02		8.92		8.97		-0.55%		1.11%		59,139,024	530,861,420	0.200		2005		
2016-07-06,三	8.93		8.96		8.90		8.93		-0.45%		0.67%		51,861,695	462,836,310	0.175		2214		
2016-07-07,四	8.93		8.98		8.89		8.96		+0.34%		1.01%		56,848,541	508,193,440	0.192		2137		
2016-07-08,五	8.95		8.97		8.93		8.93		-0.33%		0.45%		42,253,384	378,027,530	0.143		1425		
2016-07-11,一	8.97		9.03		8.93		8.99		+0.67%		1.12%		52,364,502	470,815,580	0.177		1991		
2016-07-12,二	9.01		9.15		8.99		9.13		+1.56%		1.78%		84,610,773	768,638,270	0.286		2298		
2016-07-13,三	9.12		9.53		9.09		9.16		+0.33%		4.82%		107,852,983	1,002,626,130	0.365		2388		
2016-07-14,四	9.18		9.45		9.17		9.30		+1.53%		3.06%		79,780,597	742,127,510	0.270		2595		
2016-07-15,五	9.31		9.37		9.23		9.25		-0.54%		1.51%		47,959,780	446,193,490	0.162		2258		
2016-07-18,一	9.35		9.83		9.35		9.54		+3.14%		5.19%		148,707,610	1,430,165,800	0.503		2679		
2016-07-19,二	9.72		9.88		9.35		9.50		-0.42%		5.56%		107,932,764	1,032,839,910	0.365		2619		
2016-07-20,三	9.52		9.54		9.28		9.29		-2.21%		2.74%		71,462,991	669,749,290	0.242		2613		
2016-07-21,四	9.31		9.39		9.23		9.31		+0.22%		1.72%		89,434,886	832,431,580	0.303		2570		
2016-07-22,五	9.29		9.35		9.21		9.22		-0.97%		1.50%		76,710,471	712,636,100	0.260		2323		
2016-07-25,一	9.21		9.28		9.12		9.19		-0.33%		1.74%		92,945,289	852,286,920	0.315		2508		
2016-07-26,二	9.17		9.25		9.14		9.23		+0.44%		1.20%		119,662,212	1,101,561,110	0.405		2629		
2016-07-27,三	9.22		9.25		9.06		9.24		+0.11%		2.06%		143,041,790	1,312,307,510	0.484		2609		
2016-07-28,四	9.19		9.22		9.11		9.13		-1.19%		1.19%		70,561,015	647,188,800	0.239		2374		
2016-07-29,五	9.17		9.20		9.14		9.16		+0.33%		0.66%		109,791,488	1,005,606,950	0.372		2376		
2016-08-01,一	9.15		9.24		9.14		9.22		+0.66%		1.09%		78,891,693	725,981,970	0.267		2316		
2016-08-02,二	9.20		9.23		9.16		9.20		-0.22%		0.76%		66,826,298	613,796,530	0.226		2234		
2016-08-03,三	9.11		9.21		9.10		9.15		-0.54%		1.20%		105,704,061	966,858,420	0.358		2207		
2016-08-04,四	9.14		9.15		9.08		9.14		-0.11%		0.77%		73,232,080	666,981,120	0.248		2341		
2016-08-05,五	9.14		9.47		9.12		9.30		+1.75%		3.83%		105,712,370	980,386,360	0.358		2530		
2016-08-08,一	9.28		9.28		9.15		9.23		-0.75%		1.40%		83,953,293	772,214,380	0.284		2616		
2016-08-09,二	9.23		9.25		9.19		9.24		+0.11%		0.65%		66,700,868	614,514,650	0.226		2396		
2016-08-10,三	9.23		9.26		9.22		9.24		+0.00%		0.43%		59,176,210	546,679,560	0.200		2089		
2016-08-11,四	9.25		9.51		9.23		9.31		+0.76%		3.03%		111,453,900	1,048,606,170	0.377		2522		
2016-08-12,五	9.32		9.53		9.24		9.49		+1.93%		3.11%		110,727,309	1,040,181,960	0.375		2504		
2016-08-15,一	9.49		9.81		9.43		9.71		+2.32%		4.00%		164,732,860	1,594,295,500	0.557		2748		
2016-08-16,二	9.76		9.78		9.34		9.41		-3.09%		4.53%		210,662,170	1,997,704,300	0.713		2786		
2016-08-17,三	9.42		9.44		9.33		9.41		+0.00%		1.17%		78,808,667	739,729,170	0.267		2391		
2016-08-18,四	9.37		9.44		9.31		9.36		-0.53%		1.38%		78,711,488	736,960,290	0.266		2546		
2016-08-19,五	9.36		9.39		9.30		9.34		-0.21%		0.96%		51,458,296	480,599,060	0.174		2329		
2016-08-22,一	9.33		9.35		9.25		9.28		-0.64%		1.07%		58,213,348	540,203,990	0.197		2229		
2016-08-23,二	9.27		9.34		9.27		9.30		+0.22%		0.75%		45,854,184	426,507,300	0.155		2462		
2016-08-24,三	9.30		9.32		9.26		9.27		-0.32%		0.65%		39,764,365	368,999,440	0.135		2229		
2016-08-25,四	9.26		9.33		9.25		9.30		+0.32%		0.86%		53,691,959	498,541,400	0.182		2452		
2016-08-26,五	9.28		9.32		9.26		9.30		+0.00%		0.65%		44,657,165	414,857,220	0.151		1909		
2016-08-29,一	9.26		9.29		9.21		9.24		-0.65%		0.86%		53,354,491	492,634,860	0.181		2107		
2016-08-30,二	9.25		9.36		9.25		9.35		+1.19%		1.19%		53,166,939	494,860,980	0.180		2253		
2016-08-31,三	9.30		9.34		9.27		9.31		-0.43%		0.75%		51,661,895	480,272,620	0.175		2231		
2016-09-01,四	9.29		9.33		9.26		9.28		-0.32%		0.75%		50,718,107	471,525,520	0.172		1945		
2016-09-02,五	9.25		9.34		9.25		9.31		+0.32%		0.97%		55,920,117	520,513,040	0.189		2021		
2016-09-05,一	9.30		9.38		9.27		9.35		+0.43%		1.18%		46,370,362	432,936,870	0.157		1986		
2016-09-06,二	9.32		9.37		9.30		9.32		-0.32%		0.75%		52,474,557	488,927,620	0.178		2101		
2016-09-07,三	9.32		9.33		9.30		9.33		+0.11%		0.32%		49,702,240	462,671,350	0.168		2188		
2016-09-08,四	9.32		9.33		9.30		9.32		-0.11%		0.32%		25,082,575	233,593,290	0.085		1811		
2016-09-09,五	9.32		9.33		9.29		9.30		-0.21%		0.43%		33,205,479	309,151,680	0.112		1736		
2016-09-12,一	9.21		9.32		9.20		9.30		+0.00%		1.29%		101,620,696	943,392,020	0.344		2321		
2016-09-13,二	9.28		9.33		9.28		9.31		+0.11%		0.54%		29,864,601	277,949,500	0.101		2152		
2016-09-14,三	9.28		9.33		9.28		9.31		+0.00%		0.54%		36,142,016	336,343,460	0.122		2113		
2016-09-19,一	9.33		9.34		9.30		9.33		+0.21%		0.43%		30,281,801	282,011,900	0.102		2226		
2016-09-20,二	9.34		9.34		9.30		9.32		-0.11%		0.43%		28,593,192	266,292,410	0.097		1938		
2016-09-21,三	9.33		9.34		9.30		9.33		+0.11%		0.43%		27,347,386	254,795,420	0.093		1814		
2016-09-22,四	9.35		9.40		9.32		9.37		+0.43%		0.86%		24,338,581	227,946,230	0.082		2088		
2016-09-23,五	9.38		9.39		9.34		9.38		+0.11%		0.53%		23,468,694	219,993,470	0.079		2012		
2016-09-26,一	9.28		9.35		9.25		9.31		-0.75%		1.07%		64,411,335	599,254,990	0.218		2163		
2016-09-27,二	9.30		9.32		9.26		9.31		+0.00%		0.64%		42,702,782	397,080,760	0.145		1832		
2016-09-28,三	9.31		9.31		9.16		9.20		-1.18%		1.61%		50,170,690	463,785,230	0.170		1785		
2016-09-29,四	9.21		9.25		9.20		9.23		+0.33%		0.54%		24,665,571	227,720,530	0.083		2248		
2016-09-30,五	9.23		9.29		9.23		9.26		+0.33%		0.65%		24,478,180	226,785,230	0.083		1958		
2016-10-10,一	9.26		9.36		9.26		9.33		+0.76%		1.08%		29,638,856	276,015,700	0.100		2120		
2016-10-11,二	9.32		9.34		9.28		9.31		-0.21%		0.64%		34,307,040	319,143,730	0.116		2112		
2016-10-12,三	9.29		9.31		9.26		9.27		-0.43%		0.54%		28,790,976	267,070,000	0.097		1889		
2016-10-13,四	9.26		9.27		9.14		9.19		-0.86%		1.40%		69,499,004	638,628,020	0.235		2235		
2016-10-14,五	9.18		9.26		9.17		9.24		+0.54%		0.98%		34,985,913	322,788,470	0.118		2292		
2016-10-17,一	9.23		9.29		9.19		9.24		+0.00%		1.08%		31,322,090	289,216,800	0.106		1863		
2016-10-18,二	9.23		9.28		9.23		9.27		+0.32%		0.54%		26,011,675	240,904,610	0.088		1802		
2016-10-19,三	9.27		9.30		9.27		9.28		+0.11%		0.32%		16,627,159	154,289,240	0.056		1893		
2016-10-20,四	9.29		9.31		9.28		9.29		+0.11%		0.32%		18,137,451	168,581,750	0.061		1682		
2016-10-21,五	9.28		9.31		9.26		9.29		+0.00%		0.54%		21,363,836	198,270,260	0.072		1885		
2016-10-24,一	9.28		9.40		9.27		9.37		+0.86%		1.40%		45,969,076	429,808,720	0.156		2116		
2016-10-25,二	9.36		9.39		9.33		9.36		-0.11%		0.64%		23,890,718	223,731,830	0.081		2107		
2016-10-26,三	9.33		9.35		9.26		9.28		-0.85%		0.96%		27,654,909	256,869,840	0.094		2054		
2016-10-27,四	9.26		9.31		9.24		9.27		-0.11%		0.75%		24,219,135	224,412,100	0.082		1726		
2016-10-28,五	9.25		9.33		9.25		9.31		+0.43%		0.86%		41,278,345	382,948,520	0.140		2133		
2016-10-31,一	9.30		9.30		9.14		9.20		-1.18%		1.72%		48,642,878	446,877,890	0.165		2413		
2016-11-01,二	9.20		9.23		9.16		9.21		+0.11%		0.76%		22,980,490	211,552,460	0.078		1769		
2016-11-02,三	9.18		9.21		9.13		9.16		-0.54%		0.87%		47,408,721	433,805,040	0.160		2404		
2016-11-03,四	9.16		9.23		9.13		9.19		+0.33%		1.09%		50,655,655	465,237,730	0.171		2122		
2016-11-04,五	9.18		9.21		9.14		9.16		-0.33%		0.76%		35,280,119	323,537,410	0.119		2157		
2016-11-07,一	9.15		9.17		9.13		9.16		+0.00%		0.44%		28,920,438	264,617,200	0.098		1971		
2016-11-08,二	9.16		9.19		9.14		9.17		+0.11%		0.55%		38,606,834	353,720,850	0.131		1908		
2016-11-09,三	9.18		9.18		9.04		9.11		-0.65%		1.53%		77,945,507	708,899,650	0.264		2136		
2016-11-10,四	9.14		9.17		9.12		9.16		+0.55%		0.55%		66,369,353	607,422,570	0.225		1894		
2016-11-11,五	9.15		9.21		9.12		9.20		+0.44%		0.98%		49,228,494	451,278,550	0.167		1984		
2016-11-14,一	9.18		9.24		9.17		9.22		+0.22%		0.76%		51,239,951	472,058,680	0.173		2221		
2016-11-15,二	9.22		9.23		9.18		9.21		-0.11%		0.54%		36,214,512	333,400,980	0.123		2483		
2016-11-16,三	9.20		9.22		9.16		9.19		-0.22%		0.65%		52,683,484	484,176,510	0.178		1868		
2016-11-17,四	9.18		9.21		9.15		9.20		+0.11%		0.65%		54,477,995	500,457,080	0.184		1807		
2016-11-18,五	9.19		9.22		9.17		9.20		+0.00%		0.54%		50,326,689	462,714,670	0.170		2029		
2016-11-21,一	9.22		9.29		9.18		9.28		+0.87%		1.20%		55,948,126	517,559,970	0.189		2029		
2016-11-22,二	9.28		9.32		9.28		9.31		+0.32%		0.43%		70,035,985	651,065,980	0.237		2346		
2016-11-23,三	9.32		9.47		9.29		9.37		+0.64%		1.93%		81,035,036	760,934,330	0.274		2220		
2016-11-24,四	9.38		9.40		9.33		9.35		-0.21%		0.75%		67,367,915	631,023,820	0.228		2082		
2016-11-25,五	9.40		9.42		9.29		9.41		+0.64%		1.39%		66,262,639	620,586,020	0.224		2151		
2016-11-28,一	9.41		9.57		9.35		9.40		-0.11%		2.34%		188,418,890	1,775,621,600	0.638		2523		
2016-11-29,二	9.40		9.48		9.37		9.47		+0.74%		1.17%		175,280,440	1,654,117,100	0.593		2535		
2016-11-30,三	9.49		9.52		9.43		9.50		+0.32%		0.95%		111,034,920	1,051,281,860	0.376		2455		
2016-12-01,四	9.53		9.75		9.41		9.43		-0.74%		3.58%		199,387,020	1,901,931,200	0.675		2492		
2016-12-02,五	9.43		9.48		9.31		9.43		+0.00%		1.80%		124,506,895	1,168,607,120	0.421		2540		
2016-12-05,一	9.35		9.46		9.30		9.43		+0.00%		1.70%		109,729,425	1,028,899,580	0.371		2485		
2016-12-06,二	9.38		9.46		9.37		9.42		-0.11%		0.95%		48,512,981	457,280,040	0.164		2084		
2016-12-07,三	9.40		9.41		9.32		9.35		-0.74%		0.96%		50,617,007	473,337,170	0.171		2367		
2016-12-08,四	9.34		9.73		9.32		9.66		+3.32%		4.39%		274,859,570	2,627,142,600	0.930		2589		
2016-12-09,五	9.57		9.81		9.54		9.72		+0.62%		2.80%		191,536,740	1,862,532,900	0.648		2642		
2016-12-12,一	9.68		9.81		9.53		9.74		+0.21%		2.88%		143,768,450	1,395,029,400	0.486		2522		
2016-12-13,二	9.67		9.73		9.58		9.67		-0.72%		1.54%		79,949,729	772,666,620	0.271		2306		
2016-12-14,三	9.68		9.99		9.66		9.85		+1.86%		3.41%		273,044,970	2,698,679,700	0.924		2518		
2016-12-15,四	9.76		9.88		9.46		9.51		-3.45%		4.26%		111,255,895	1,064,480,040	0.376		2621		
2016-12-16,五	9.50		9.53		9.33		9.33		-1.89%		2.10%		205,128,330	1,935,504,600	0.694		2566		
2016-12-19,一	9.31		9.33		9.19		9.26		-0.75%		1.50%		52,036,086	480,802,990	0.176		3123		
2016-12-20,二	9.32		9.37		9.18		9.25		-0.11%		2.05%		66,115,841	611,317,170	0.224		3385		
2016-12-21,三	9.20		9.25		9.18		9.24		-0.11%		0.76%		53,616,202	494,283,520	0.181		3527		
2016-12-22,四	9.22		9.22		9.15		9.18		-0.65%		0.76%		40,855,026	374,824,260	0.138		3578		
2016-12-23,五	9.18		9.18		9.10		9.16		-0.22%		0.87%		38,903,329	355,004,040	0.132		3070		
2016-12-26,一	9.10		9.15		9.05		9.14		-0.22%		1.09%		40,541,730	368,731,700	0.137		3084		
2016-12-27,二	9.14		9.17		9.07		9.09		-0.55%		1.09%		47,739,678	435,080,270	0.162		3198		
2016-12-28,三	9.09		9.10		9.01		9.05		-0.44%		0.99%		63,856,267	577,426,120	0.216		3189		
2016-12-29,四	9.04		9.08		9.02		9.06		+0.11%		0.66%		37,785,721	341,997,320	0.128		2728		
2016-12-30,五	9.08		9.11		9.05		9.08		+0.22%		0.66%		54,821,371	497,483,710	0.186		2763		
2017-01-03,二	9.08		9.16		9.05		9.11		+0.33%		1.21%		58,352,389	531,505,640	0.197		3088		
2017-01-04,三	9.10		9.12		9.04		9.11		+0.00%		0.88%		73,120,372	663,889,520	0.247		3321		
2017-01-05,四	9.11		9.12		9.07		9.08		-0.33%		0.55%		56,243,309	511,452,910	0.190		3241		
2017-01-06,五	9.08		9.09		9.01		9.01		-0.77%		0.88%		55,732,553	503,621,290	0.189		3146		
2017-01-09,一	9.00		9.04		8.98		9.02		+0.11%		0.67%		49,114,801	442,818,750	0.166		3560		
2017-01-10,二	9.01		9.05		9.01		9.03		+0.11%		0.44%		38,946,271	351,732,170	0.132		2735		
2017-01-11,三	9.03		9.05		8.98		8.99		-0.44%		0.78%		38,822,892	350,048,430	0.131		2912		
2017-01-12,四	9.00		9.03		8.98		9.00		+0.11%		0.56%		22,511,184	202,778,270	0.076		2722		
2017-01-13,五	8.99		9.10		8.98		9.08		+0.89%		1.33%		59,021,403	534,243,620	0.200		2913		
2017-01-16,一	9.07		9.27		8.97		9.20		+1.32%		3.30%		196,318,560	1,798,612,100	0.664		3233		
2017-01-17,二	9.16		9.19		9.13		9.15		-0.54%		0.65%		31,710,844	290,563,850	0.107		3123		
2017-01-18,三	9.17		9.20		9.13		9.18		+0.33%		0.77%		23,076,975	211,871,130	0.078		3088		
2017-01-19,四	9.15		9.26		9.14		9.18		+0.00%		1.31%		24,707,934	227,509,740	0.084		2999		
2017-01-20,五	9.18		9.24		9.15		9.22		+0.44%		0.98%		27,038,313	248,813,300	0.091		2503		
2017-01-23,一	9.24		9.26		9.19		9.22		+0.00%		0.76%		23,741,568	218,992,130	0.080		2736		
2017-01-24,二	9.22		9.29		9.21		9.27		+0.54%		0.87%		27,881,995	258,024,160	0.094		3016		
2017-01-25,三	9.24		9.26		9.20		9.22		-0.54%		0.65%		16,776,054	154,747,460	0.057		2286		
2017-01-26,四	9.23		9.29		9.23		9.25		+0.33%		0.65%		19,569,744	181,256,710	0.066		2434		
2017-02-03,五	9.28		9.28		9.17		9.17		-0.86%		1.19%		24,803,969	228,389,830	0.084		2201		
2017-02-06,一	9.21		9.23		9.15		9.16		-0.11%		0.87%		42,566,220	391,284,360	0.144		2899		
2017-02-07,二	9.16		9.19		9.10		9.14		-0.22%		0.98%		42,115,167	385,290,960	0.143		3100		
2017-02-08,三	9.11		9.14		9.06		9.12		-0.22%		0.88%		39,744,917	361,346,730	0.134		3232		
2017-02-09,四	9.12		9.15		9.09		9.12		+0.00%		0.66%		45,953,000	418,873,640	0.155		3090		
2017-02-10,五	9.13		9.14		9.08		9.11		-0.11%		0.66%		97,265,021	885,695,660	0.329		3301		
2017-02-13,一	9.12		9.18		9.10		9.14		+0.33%		0.88%		102,536,449	937,052,260	0.347		3588		
2017-02-14,二	9.14		9.15		9.08		9.10		-0.44%		0.77%		64,756,099	589,274,960	0.219		3360		
2017-02-15,三	9.11		9.18		9.08		9.15		+0.55%		1.10%		144,318,420	1,318,307,670	0.488		3410		
2017-02-16,四	9.14		9.17		9.10		9.12		-0.33%		0.77%		95,450,196	869,849,750	0.323		3667		
2017-02-17,五	9.12		9.14		9.03		9.03		-0.99%		1.21%		107,446,237	975,385,800	0.364		3816		
2017-02-20,一	9.04		9.15		9.03		9.14		+1.22%		1.33%		157,680,610	1,436,019,400	0.534		4110		
2017-02-21,二	9.16		9.19		9.10		9.13		-0.11%		0.98%		120,469,003	1,100,914,720	0.408		3726		
2017-02-22,三	9.12		9.12		9.07		9.09		-0.44%		0.55%		90,558,399	823,358,550	0.306		3649		
2017-02-23,四	9.10		9.11		9.07		9.08		-0.11%		0.44%		56,167,373	510,267,980	0.190		3306		
2017-02-24,五	9.08		9.10		9.05		9.07		-0.11%		0.55%		77,910,682	706,880,080	0.264		3132		
2017-02-27,一	9.07		9.08		9.02		9.04		-0.33%		0.66%		80,756,890	729,999,860	0.273		3496		
2017-02-28,二	9.04		9.06		9.02		9.03		-0.11%		0.44%		44,034,624	397,968,690	0.149		2980		
2017-03-01,三	9.05		9.05		9.02		9.04		+0.11%		0.33%		68,994,871	623,486,880	0.233		3619		
2017-03-02,四	9.04		9.06		8.95		8.97		-0.77%		1.22%		115,946,009	1,043,224,530	0.392		3567		
2017-03-03,五	8.96		8.99		8.93		8.97		+0.00%		0.67%		61,988,854	554,774,650	0.210		3225		
2017-03-06,一	8.96		8.97		8.94		8.96		-0.11%		0.33%		59,574,979	533,330,380	0.202		3533		
2017-03-07,二	8.95		8.98		8.93		8.97		+0.11%		0.56%		34,339,894	307,714,880	0.116		3191		
2017-03-08,三	8.96		8.97		8.90		8.92		-0.56%		0.78%		56,316,198	502,746,150	0.191		3008		
2017-03-09,四	8.90		8.91		8.85		8.87		-0.56%		0.67%		54,516,573	483,861,450	0.184		3428		
2017-03-10,五	8.87		8.89		8.82		8.84		-0.34%		0.79%		40,672,973	360,003,770	0.138		3089		
2017-03-13,一	8.84		8.87		8.80		8.86		+0.23%		0.79%		44,713,567	395,086,240	0.151		3439		
2017-03-14,二	8.85		8.87		8.82		8.84		-0.23%		0.56%		44,623,389	394,734,770	0.151		3073		
2017-03-15,三	8.83		8.87		8.81		8.86		+0.23%		0.68%		46,471,270	410,520,130	0.157		3545		
2017-03-16,四	8.86		8.90		8.85		8.88		+0.23%		0.56%		70,457,489	625,518,310	0.238		3676		
2017-03-17,五	8.89		8.89		8.78		8.81		-0.79%		1.24%		93,164,446	822,494,700	0.315		3527		
2017-03-20,一	8.80		8.82		8.68		8.71		-1.14%		1.59%		103,859,324	906,805,030	0.351		3756		
2017-03-21,二	8.70		8.71		8.64		8.67		-0.46%		0.80%		92,089,283	797,315,370	0.312		3740		
2017-03-22,三	8.64		8.64		8.51		8.55		-1.38%		1.50%		124,313,826	1,064,697,470	0.421		3893		
2017-03-23,四	8.55		8.60		8.54		8.59		+0.47%		0.70%		100,749,103	864,095,910	0.341		3515		

