时间	大盘开盘	大盘最高	大盘最低	大盘收盘	大盘涨跌	大盘涨幅	大盘振幅	开盘	最高	最低	收盘	涨幅	振幅	总手	金额	换手	成交次数
2016-03-07	2886.64	2911.84	2871.35	2897.34	+23.19	0.81	1.41	9.25	9.34	9.11	9.17	-1.71	2.47	121,800,761	1,120,412,940	0.412	2782
2016-03-08	2895.67	2902.62	2802.56	2901.39	+4.05	0.14	3.45	9.11	9.37	8.73	9.29	+1.31	6.98	137,904,130	1,247,011,600	0.467	2659
2016-03-09	2839.41	2863.01	2811.72	2862.56	-38.83	-1.34	1.77	9.01	9.35	8.91	9.34	+0.54	4.74	179,947,700	1,654,141,400	0.609	2489
2016-03-10	2847.57	2863.18	2803.48	2804.73	-57.83	-2.02	2.09	9.18	9.27	9.02	9.05	-3.10	2.68	81,971,811	749,221,020	0.277	2589
2016-03-11	2781.60	2815.61	2772.55	2810.31	+5.58	0.20	1.54	9.00	9.15	8.87	9.12	+0.77	3.09	86,822,433	785,309,400	0.294	2365
2016-03-14	2830.08	2889.82	2823.03	2859.50	+49.19	1.75	2.38	9.19	9.27	8.94	9.03	-0.99	3.62	93,900,677	856,642,710	0.318	2710
2016-03-15	2853.98	2865.79	2819.79	2864.37	+4.87	0.17	1.61	9.08	9.20	8.96	9.17	+1.55	2.66	71,665,039	651,887,440	0.243	2500
2016-03-16	2858.71	2881.53	2854.19	2870.43	+6.06	0.21	0.954	9.11	9.58	9.08	9.44	+2.94	5.45	340,492,240	3,209,502,800	1.15	2794
2016-03-17	2875.41	2921.00	2857.19	2904.83	+34.40	1.20	2.22	9.46	9.48	9.01	9.20	-2.54	4.98	172,358,070	1,590,776,700	0.583	2674
2016-03-18	2915.52	2971.55	2908.74	2955.15	+50.32	1.73	2.16	9.19	9.23	9.08	9.13	-0.76	1.63	154,331,490	1,413,272,800	0.522	2805
2016-03-21	2978.46	3028.32	2973.76	3018.80	+63.65	2.15	1.85	9.16	9.26	9.12	9.20	+0.77	1.53	86,113,968	792,628,820	0.291	2723
2016-03-22	3001.63	3019.10	2988.43	2999.36	-19.44	-0.64	1.02	9.24	9.38	9.15	9.19	-0.11	2.50	86,599,242	801,440,080	0.293	2592
2016-03-23	2991.17	3012.56	2980.86	3009.96	+10.60	0.35	1.06	9.15	9.21	9.12	9.16	-0.33	0.98	49,278,679	451,896,390	0.167	2566
2016-03-24	2986.80	2998.15	2960.54	2960.97	-48.99	-1.63	1.25	9.12	9.15	9.08	9.09	-0.76	0.76	56,862,433	517,297,860	0.192	2483
2016-03-25	2956.20	2981.41	2952.11	2979.43	+18.46	0.62	0.990	9.09	9.14	9.09	9.09	+0.00	0.55	35,564,541	323,644,190	0.120	2423
2016-03-28	2988.01	3008.17	2948.53	2957.82	-21.61	-0.73	2.00	9.10	9.12	8.86	8.93	-1.76	2.86	75,006,156	675,638,310	0.254	2661
2016-03-29	2956.71	2962.20	2905.25	2919.83	-37.99	-1.28	1.93	8.96	9.05	8.92	8.94	+0.11	1.46	56,201,105	505,016,380	0.190	2642
2016-03-30	2941.22	3001.11	2941.22	3000.64	+80.81	2.77	2.05	9.02	9.17	8.97	9.14	+2.24	2.24	75,089,889	681,081,720	0.254	2502
2016-03-31	3009.37	3023.41	2992.92	3003.92	+3.27	0.11	1.02	9.17	9.18	9.06	9.11	-0.33	1.31	34,874,010	317,617,010	0.118	2512
2016-04-01	2997.09	3009.67	2956.25	3009.53	+5.61	0.19	1.78	9.14	9.25	8.98	9.24	+1.43	2.96	94,110,162	862,334,340	0.318	2389
2016-04-05	3000.94	3057.33	2993.15	3053.07	+43.54	1.45	2.13	9.12	9.27	9.01	9.22	-0.22	2.81	70,146,624	641,918,120	0.237	2692
2016-04-06	3039.74	3059.79	3029.00	3050.59	-2.47	-0.08	1.01	9.13	9.22	9.01	9.05	-1.84	2.28	104,380,981	946,880,150	0.353	2654
2016-04-07	3058.34	3062.36	3007.06	3008.42	-42.17	-1.38	1.81	9.07	9.08	8.98	8.99	-0.66	1.10	57,633,283	519,530,370	0.195	2403
2016-04-08	2988.20	2996.17	2960.46	2984.96	-23.46	-0.78	1.19	8.92	9.04	8.89	8.99	+0.00	1.67	41,917,126	376,952,960	0.142	2299
2016-04-11	3006.91	3048.98	3006.91	3033.96	+49.00	1.64	1.41	8.95	9.08	8.95	9.01	+0.22	1.45	49,848,199	450,314,670	0.169	2392
2016-04-12	3031.30	3036.82	3001.32	3023.65	-10.31	-0.34	1.17	9.03	9.06	8.99	9.03	+0.22	0.78	33,049,869	298,266,580	0.112	2193
2016-04-13	3041.36	3097.16	3041.36	3066.64	+42.99	1.42	1.85	9.06	9.15	9.02	9.11	+0.89	1.44	113,694,986	1,035,536,490	0.385	2464
2016-04-14	3080.09	3086.70	3056.99	3082.36	+15.72	0.51	0.969	9.18	9.18	9.09	9.11	+0.00	0.99	70,910,543	647,034,050	0.240	2192
2016-04-15	3085.03	3089.95	3066.87	3078.12	-4.25	-0.14	0.749	9.14	9.26	9.11	9.21	+1.10	1.65	116,850,044	1,075,061,870	0.395	2667
2016-04-18	3058.46	3058.46	3022.97	3033.66	-44.46	-1.44	1.15	9.11	9.27	9.10	9.19	-0.22	1.85	108,633,799	1,002,520,820	0.368	2456
2016-04-19	3047.13	3054.50	3024.90	3042.82	+9.16	0.30	0.976	9.23	9.26	9.15	9.20	+0.11	1.20	84,446,088	778,031,960	0.286	2385
2016-04-20	3050.38	3055.69	2905.05	2972.58	-70.24	-2.31	4.95	9.20	9.34	8.93	9.32	+1.30	4.46	159,289,050	1,462,074,600	0.539	2500
2016-04-21	2954.37	2990.67	2943.46	2952.89	-19.69	-0.66	1.59	9.24	9.58	9.20	9.30	-0.21	4.08	166,955,090	1,570,407,200	0.565	2580
2016-04-22	2933.03	2960.21	2926.78	2959.24	+6.35	0.22	1.13	9.25	9.54	9.23	9.40	+1.08	3.33	73,060,688	687,777,250	0.247	2508
2016-04-25	2949.97	2954.09	2917.02	2946.67	-12.57	-0.42	1.25	9.32	9.50	9.25	9.44	+0.43	2.66	70,294,066	662,746,750	0.238	2393
2016-04-26	2944.72	2965.43	2933.97	2964.70	+18.03	0.61	1.07	9.40	9.58	9.38	9.46	+0.21	2.12	75,849,017	715,842,100	0.257	2114
2016-04-27	2967.19	2976.02	2949.43	2953.67	-11.03	-0.37	0.897	9.50	9.51	9.38	9.39	-0.74	1.37	75,642,231	713,834,310	0.256	2188
2016-04-28	2955.74	2959.51	2916.37	2945.59	-8.08	-0.27	1.46	9.43	9.50	9.33	9.37	-0.21	1.81	44,022,757	414,173,680	0.149	2152
2016-04-29	2935.38	2950.58	2930.36	2938.32	-7.27	-0.25	0.686	9.36	9.48	9.29	9.30	-0.75	2.03	69,704,517	653,497,040	0.236	2399
2016-05-03	2940.39	2993.53	2929.81	2992.64	+54.32	1.85	2.17	9.31	9.42	9.28	9.38	+0.86	1.51	45,857,553	429,277,700	0.155	2211
2016-05-04	2983.03	3004.42	2978.33	2991.27	-1.37	-0.05	0.872	9.30	9.41	9.30	9.38	+0.00	1.17	23,346,729	218,537,650	0.079	1991
2016-05-05	2987.02	2999.12	2977.20	2997.84	+6.57	0.22	0.733	9.35	9.39	9.34	9.36	-0.21	0.53	23,339,999	218,547,020	0.079	2099
2016-05-06	2998.40	3003.59	2913.04	2913.25	-84.59	-2.82	3.02	9.36	9.37	9.23	9.26	-1.07	1.50	42,386,881	394,524,300	0.143	2151
2016-05-09	2896.16	2896.16	2821.83	2832.11	-81.14	-2.79	2.55	9.25	9.33	9.11	9.22	-0.43	2.38	46,376,407	428,376,260	0.157	2356
2016-05-10	2822.33	2845.24	2820.16	2832.59	+0.48	0.02	0.885	9.13	9.31	9.13	9.26	+0.43	1.95	35,271,024	326,325,200	0.119	2246
2016-05-11	2843.54	2857.25	2818.70	2837.04	+4.45	0.16	1.36	9.28	9.33	9.23	9.28	+0.22	1.08	36,948,245	342,794,140	0.125	2118
2016-05-12	2812.11	2839.28	2781.24	2835.86	-1.18	-0.04	2.05	9.27	9.34	9.23	9.27	-0.11	1.19	73,296,372	679,291,050	0.248	2446
2016-05-13	2828.46	2850.09	2814.11	2827.11	-8.75	-0.31	1.27	9.23	9.28	9.18	9.19	-0.86	1.08	108,521,482	1,003,169,360	0.367	2511
2016-05-16	2816.78	2851.23	2804.99	2850.86	+23.75	0.84	1.64	9.15	9.24	9.15	9.20	+0.11	0.98	33,077,545	303,958,060	0.112	1988
2016-05-17	2850.93	2860.32	2832.46	2843.68	-7.18	-0.25	0.977	9.20	9.20	9.07	9.08	-1.30	1.41	56,884,363	517,681,180	0.192	2382
2016-05-18	2828.18	2828.26	2781.42	2807.51	-36.17	-1.27	1.65	9.08	9.17	9.02	9.13	+0.55	1.65	138,645,360	1,257,228,140	0.469	2138
2016-05-19	2802.31	2829.40	2801.55	2806.91	-0.61	-0.02	0.992	9.10	9.11	8.99	9.00	-1.42	1.31	57,010,744	516,598,540	0.193	2262
2016-05-20	2792.89	2825.95	2785.08	2825.48	+18.58	0.66	1.46	8.98	9.04	8.98	9.00	+0.00	0.67	157,346,350	1,416,296,600	0.532	1981
2016-05-23	2826.31	2848.07	2826.26	2843.65	+18.16	0.64	0.772	9.00	9.03	8.86	8.87	-1.44	1.89	128,147,729	1,144,884,240	0.434	2443
2016-05-24	2839.68	2839.70	2807.19	2821.67	-21.98	-0.77	1.14	8.88	8.88	8.66	8.68	-2.14	2.48	217,477,170	1,897,145,500	0.736	2688
2016-05-25	2835.03	2843.17	2807.75	2815.09	-6.58	-0.23	1.26	8.75	8.87	8.69	8.86	+2.07	2.07	74,010,107	651,147,900	0.250	2669
2016-05-26	2813.54	2827.09	2780.76	2822.44	+7.36	0.26	1.65	8.82	8.90	8.81	8.90	+0.45	1.02	60,354,785	535,720,670	0.204	2619
2016-05-27	2817.97	2832.80	2809.80	2821.05	-1.40	-0.05	0.815	8.85	8.94	8.83	8.91	+0.11	1.24	72,153,268	641,621,330	0.244	2231
2016-05-30	2814.65	2830.97	2794.66	2822.45	+1.40	0.05	1.29	8.91	8.96	8.83	8.95	+0.45	1.46	125,372,463	1,120,553,440	0.424	2319
2016-05-31	2822.59	2917.14	2822.59	2916.62	+94.17	3.34	3.35	8.96	9.15	8.96	9.09	+1.56	2.12	141,216,150	1,282,544,030	0.478	2675
2016-06-01	2917.15	2929.08	2909.51	2913.51	-3.11	-0.11	0.671	9.12	9.12	8.97	8.98	-1.21	1.65	107,149,201	965,827,220	0.363	2640
2016-06-02	2911.22	2925.67	2906.52	2925.23	+11.72	0.40	0.657	8.98	9.01	8.92	8.97	-0.11	1.00	50,064,989	448,230,870	0.169	2530
2016-06-03	2929.79	2945.52	2915.19	2938.68	+13.45	0.46	1.04	9.03	9.03	8.91	8.99	+0.22	1.34	62,866,686	562,930,860	0.213	2503
2016-06-06	2940.99	2945.94	2922.28	2934.10	-4.59	-0.16	0.805	8.98	9.01	8.93	9.01	+0.22	0.89	52,606,789	472,082,690	0.178	2549
2016-06-07	2936.28	2938.44	2923.50	2936.04	+1.95	0.07	0.509	9.03	9.04	8.98	9.00	-0.11	0.67	48,827,367	440,026,540	0.165	2341
2016-06-08	2932.38	2937.99	2908.37	2927.16	-8.89	-0.30	1.01	9.00	9.04	8.98	9.00	+0.00	0.67	95,472,445	859,841,670	0.323	2490
2016-06-13	2897.27	2911.16	2832.51	2833.07	-94.09	-3.21	2.69	8.94	9.02	8.93	8.95	-0.56	1.00	85,482,976	767,476,170	0.289	2491
2016-06-14	2824.23	2843.46	2822.06	2842.19	+9.12	0.32	0.755	8.95	9.12	8.91	9.03	+0.89	2.35	83,740,130	756,754,100	0.283	2413
2016-06-15	2814.69	2894.26	2811.78	2887.21	+45.02	1.58	2.90	8.93	9.06	8.92	9.05	+0.22	1.55	79,216,571	713,886,190	0.268	2457
2016-06-16	2878.40	2887.74	2865.39	2872.82	-14.39	-0.50	0.774	8.98	9.11	8.97	9.02	-0.33	1.55	56,190,499	508,928,040	0.190	2212
2016-06-17	2873.01	2900.30	2872.18	2885.11	+12.29	0.43	0.979	9.01	9.12	9.01	9.08	+0.67	1.22	57,320,529	520,135,960	0.194	2567
2016-06-20	2887.64	2891.66	2864.02	2888.81	+3.70	0.13	0.958	9.11	9.15	8.99	9.05	-0.33	1.76	27,967,649	252,641,610	0.095	1936
2016-06-21	2898.38	2919.30	2869.18	2878.56	-10.25	-0.35	1.74	9.04	9.10	9.02	9.08	+0.33	0.88	42,522,729	385,440,050	0.144	2173
2016-06-22	2872.73	2905.98	2869.51	2905.55	+26.99	0.94	1.27	9.07	9.09	9.03	9.08	+0.00	0.66	30,033,597	272,366,850	0.102	1744
2016-06-23	2902.40	2904.11	2878.66	2891.96	-13.59	-0.47	0.876	9.10	9.10	9.03	9.09	+0.11	0.77	39,983,069	363,168,120	0.135	1921
2016-06-24	2883.76	2899.57	2807.60	2854.29	-37.67	-1.30	3.18	8.98	9.03	8.79	8.84	-2.75	2.64	56,784,109	504,468,190	0.192	2081
2016-06-27	2840.56	2895.73	2840.28	2895.70	+41.42	1.45	1.94	8.84	8.92	8.82	8.87	+0.34	1.13	61,454,882	544,070,300	0.208	2305
2016-06-28	2885.01	2913.58	2878.82	2912.56	+16.85	0.58	1.20	8.86	8.87	8.82	8.84	-0.34	0.56	45,865,553	405,380,760	0.155	1991
2016-06-29	2918.53	2934.00	2915.06	2931.59	+19.04	0.65	0.650	8.86	9.15	8.81	9.14	+3.39	3.85	174,671,350	1,570,743,400	0.591	2395
2016-06-30	2931.48	2938.14	2922.31	2929.61	-1.99	-0.07	0.540	9.06	9.10	8.88	8.93	-2.30	2.41	85,664,445	768,581,220	0.290	2453
2016-07-01	2931.80	2944.99	2925.81	2932.48	+2.87	0.10	0.655	8.94	8.99	8.90	8.93	+0.00	1.01	38,634,089	345,519,880	0.131	1999
2016-07-04	2924.29	2992.50	2922.52	2988.60	+56.13	1.91	2.39	8.92	9.08	8.92	9.02	+1.01	1.79	67,891,487	612,648,070	0.230	2272
2016-07-05	2991.75	3010.28	2990.64	3006.39	+17.79	0.60	0.657	8.98	9.02	8.92	8.97	-0.55	1.11	59,139,024	530,861,420	0.200	2005
2016-07-06	2998.52	3017.65	2984.83	3017.29	+10.90	0.36	1.09	8.93	8.96	8.90	8.93	-0.45	0.67	51,861,695	462,836,310	0.175	2214
2016-07-07	3009.35	3024.11	2994.64	3016.85	-0.45	-0.01	0.977	8.93	8.98	8.89	8.96	+0.34	1.01	56,848,541	508,193,440	0.192	2137
2016-07-08	3000.33	3001.55	2983.88	2988.09	-28.75	-0.95	0.586	8.95	8.97	8.93	8.93	-0.33	0.45	42,253,384	378,027,530	0.143	1425
2016-07-11	2993.75	3022.94	2990.91	2994.92	+6.82	0.23	1.07	8.97	9.03	8.93	8.99	+0.67	1.12	52,364,502	470,815,580	0.177	1991
2016-07-12	2992.52	3049.68	2984.42	3049.38	+54.46	1.82	2.18	9.01	9.15	8.99	9.13	+1.56	1.78	84,610,773	768,638,270	0.286	2298
2016-07-13	3049.51	3069.05	3048.20	3060.69	+11.31	0.37	0.684	9.12	9.53	9.09	9.16	+0.33	4.82	107,852,983	1,002,626,130	0.365	2388
2016-07-14	3054.98	3057.05	3036.52	3054.02	-6.67	-0.22	0.671	9.18	9.45	9.17	9.30	+1.53	3.06	79,780,597	742,127,510	0.270	2595
2016-07-15	3056.68	3062.68	3044.54	3054.30	+0.28	0.01	0.594	9.31	9.37	9.23	9.25	-0.54	1.51	47,959,780	446,193,490	0.162	2258
2016-07-18	3047.64	3058.32	3031.64	3043.56	-10.73	-0.35	0.874	9.35	9.83	9.35	9.54	+3.14	5.19	148,707,610	1,430,165,800	0.503	2679
2016-07-19	3040.23	3043.60	3014.29	3036.60	-6.97	-0.23	0.963	9.72	9.88	9.35	9.50	-0.42	5.56	107,932,764	1,032,839,910	0.365	2619
2016-07-20	3034.71	3043.00	3022.63	3027.90	-8.70	-0.29	0.671	9.52	9.54	9.28	9.29	-2.21	2.74	71,462,991	669,749,290	0.242	2613
2016-07-21	3027.60	3053.33	3027.37	3039.01	+11.11	0.37	0.858	9.31	9.39	9.23	9.31	+0.22	1.72	89,434,886	832,431,580	0.303	2570
2016-07-22	3038.12	3039.27	3007.46	3012.82	-26.19	-0.86	1.05	9.29	9.35	9.21	9.22	-0.97	1.50	76,710,471	712,636,100	0.260	2323
2016-07-25	3008.09	3027.12	3003.29	3015.83	+3.01	0.10	0.791	9.21	9.28	9.12	9.19	-0.33	1.74	92,945,289	852,286,920	0.315	2508
2016-07-26	3014.04	3050.62	3013.80	3050.17	+34.34	1.14	1.22	9.17	9.25	9.14	9.23	+0.44	1.20	119,662,212	1,101,561,110	0.405	2629
2016-07-27	3050.37	3057.42	2939.23	2992.00	-58.17	-1.91	3.88	9.22	9.25	9.06	9.24	+0.11	2.06	143,041,790	1,312,307,510	0.484	2609
2016-07-28	2980.50	3003.36	2968.18	2994.32	+2.32	0.08	1.18	9.19	9.22	9.11	9.13	-1.19	1.19	70,561,015	647,188,800	0.239	2374
2016-07-29	2992.54	3000.06	2972.92	2979.34	-14.98	-0.50	0.906	9.17	9.20	9.14	9.16	+0.33	0.66	109,791,488	1,005,606,950	0.372	2376
2016-08-01	2971.95	2972.88	2931.96	2953.39	-25.95	-0.87	1.37	9.15	9.24	9.14	9.22	+0.66	1.09	78,891,693	725,981,970	0.267	2316
2016-08-02	2950.08	2971.28	2946.64	2971.28	+17.89	0.61	0.834	9.20	9.23	9.16	9.20	-0.22	0.76	66,826,298	613,796,530	0.226	2234
2016-08-03	2963.22	2981.16	2956.79	2978.46	+7.18	0.24	0.820	9.11	9.21	9.10	9.15	-0.54	1.20	105,704,061	966,858,420	0.358	2207
2016-08-04	2976.41	2982.86	2958.93	2982.43	+3.97	0.13	0.803	9.14	9.15	9.08	9.14	-0.11	0.77	73,232,080	666,981,120	0.248	2341
2016-08-05	2978.78	2991.68	2971.56	2976.70	-5.73	-0.19	0.674	9.14	9.47	9.12	9.30	+1.75	3.83	105,712,370	980,386,360	0.358	2530
2016-08-08	2972.63	3004.72	2959.05	3004.28	+27.58	0.93	1.53	9.28	9.28	9.15	9.23	-0.75	1.40	83,953,293	772,214,380	0.284	2616
2016-08-09	3001.31	3025.91	2998.68	3025.68	+21.40	0.71	0.907	9.23	9.25	9.19	9.24	+0.11	0.65	66,700,868	614,514,650	0.226	2396
2016-08-10	3023.47	3033.20	3017.09	3018.75	-6.94	-0.23	0.532	9.23	9.26	9.22	9.24	+0.00	0.43	59,176,210	546,679,560	0.200	2089
2016-08-11	3013.68	3038.05	3001.17	3002.64	-16.11	-0.53	1.22	9.25	9.51	9.23	9.31	+0.76	3.03	111,453,900	1,048,606,170	0.377	2522
2016-08-12	3000.27	3051.05	2999.04	3050.67	+48.03	1.60	1.73	9.32	9.53	9.24	9.49	+1.93	3.11	110,727,309	1,040,181,960	0.375	2504
2016-08-15	3056.48	3137.48	3053.87	3125.20	+74.53	2.44	2.74	9.49	9.81	9.43	9.71	+2.32	4.00	164,732,860	1,594,295,500	0.557	2748
2016-08-16	3130.53	3140.44	3102.07	3110.04	-15.16	-0.49	1.23	9.76	9.78	9.34	9.41	-3.09	4.53	210,662,170	1,997,704,300	0.713	2786
2016-08-17	3106.99	3114.26	3090.28	3109.56	-0.48	-0.02	0.771	9.42	9.44	9.33	9.41	+0.00	1.17	78,808,667	739,729,170	0.267	2391
2016-08-18	3107.75	3125.58	3093.32	3104.11	-5.44	-0.17	1.04	9.37	9.44	9.31	9.36	-0.53	1.38	78,711,488	736,960,290	0.266	2546
2016-08-19	3100.39	3113.34	3082.77	3108.10	+3.99	0.13	0.985	9.36	9.39	9.30	9.34	-0.21	0.96	51,458,296	480,599,060	0.174	2329
2016-08-22	3107.38	3112.74	3083.59	3084.81	-23.30	-0.75	0.938	9.33	9.35	9.25	9.28	-0.64	1.07	58,213,348	540,203,990	0.197	2229
2016-08-23	3081.57	3101.11	3073.53	3089.71	+4.90	0.16	0.894	9.27	9.34	9.27	9.30	+0.22	0.75	45,854,184	426,507,300	0.155	2462
2016-08-24	3092.02	3097.15	3079.55	3085.88	-3.83	-0.12	0.570	9.30	9.32	9.26	9.27	-0.32	0.65	39,764,365	368,999,440	0.135	2229
2016-08-25	3073.44	3073.44	3041.51	3068.33	-17.55	-0.57	1.04	9.26	9.33	9.25	9.30	+0.32	0.86	53,691,959	498,541,400	0.182	2452
2016-08-26	3069.85	3087.65	3063.89	3070.31	+1.98	0.06	0.774	9.28	9.32	9.26	9.30	+0.00	0.65	44,657,165	414,857,220	0.151	1909
2016-08-29	3068.46	3074.94	3058.79	3070.03	-0.28	-0.01	0.526	9.26	9.29	9.21	9.24	-0.65	0.86	53,354,491	492,634,860	0.181	2107
2016-08-30	3071.44	3082.99	3065.97	3074.68	+4.65	0.15	0.554	9.25	9.36	9.25	9.35	+1.19	1.19	53,166,939	494,860,980	0.180	2253
2016-08-31	3072.92	3087.70	3063.40	3085.49	+10.81	0.35	0.790	9.30	9.34	9.27	9.31	-0.43	0.75	51,661,895	480,272,620	0.175	2231
2016-09-01	3083.96	3088.70	3062.88	3063.31	-22.19	-0.72	0.837	9.29	9.33	9.26	9.28	-0.32	0.75	50,718,107	471,525,520	0.172	1945
2016-09-02	3057.50	3072.53	3050.49	3067.35	+4.05	0.13	0.719	9.25	9.34	9.25	9.31	+0.32	0.97	55,920,117	520,513,040	0.189	2021
2016-09-05	3070.71	3085.49	3065.33	3072.10	+4.74	0.15	0.657	9.30	9.38	9.27	9.35	+0.43	1.18	46,370,362	432,936,870	0.157	1986
2016-09-06	3071.06	3095.51	3053.19	3090.71	+18.62	0.61	1.38	9.32	9.37	9.30	9.32	-0.32	0.75	52,474,557	488,927,620	0.178	2101
2016-09-07	3091.33	3105.68	3087.88	3091.93	+1.22	0.04	0.576	9.32	9.33	9.30	9.33	+0.11	0.32	49,702,240	462,671,350	0.168	2188
2016-09-08	3089.95	3096.78	3083.90	3095.95	+4.03	0.13	0.417	9.32	9.33	9.30	9.32	-0.11	0.32	25,082,575	233,593,290	0.085	1811
2016-09-09	3095.43	3101.79	3078.22	3078.86	-17.10	-0.55	0.761	9.32	9.33	9.29	9.30	-0.21	0.43	33,205,479	309,151,680	0.112	1736
2016-09-12	3037.51	3040.95	2999.93	3021.98	-56.88	-1.85	1.33	9.21	9.32	9.20	9.30	+0.00	1.29	101,620,696	943,392,020	0.344	2321
2016-09-13	3025.04	3029.72	3008.74	3023.51	+1.53	0.05	0.694	9.28	9.33	9.28	9.31	+0.11	0.54	29,864,601	277,949,500	0.101	2152
2016-09-14	3008.90	3017.95	2995.42	3002.85	-20.66	-0.68	0.745	9.28	9.33	9.28	9.31	+0.00	0.54	36,142,016	336,343,460	0.122	2113
2016-09-19	3005.32	3026.65	3005.32	3026.05	+23.20	0.77	0.710	9.33	9.34	9.30	9.33	+0.21	0.43	30,281,801	282,011,900	0.102	2226
2016-09-20	3027.17	3027.82	3015.88	3023.00	-3.05	-0.10	0.394	9.34	9.34	9.30	9.32	-0.11	0.43	28,593,192	266,292,410	0.097	1938
2016-09-21	3021.58	3032.45	3017.54	3025.87	+2.87	0.10	0.493	9.33	9.34	9.30	9.33	+0.11	0.43	27,347,386	254,795,420	0.093	1814
2016-09-22	3038.42	3054.44	3035.07	3042.31	+16.44	0.54	0.640	9.35	9.40	9.32	9.37	+0.43	0.86	24,338,581	227,946,230	0.082	2088
2016-09-23	3044.79	3046.81	3032.80	3033.90	-8.42	-0.28	0.460	9.38	9.39	9.34	9.38	+0.11	0.53	23,468,694	219,993,470	0.079	2012
2016-09-26	3028.24	3028.24	2980.12	2980.43	-53.47	-1.76	1.59	9.28	9.35	9.25	9.31	-0.75	1.07	64,411,335	599,254,990	0.218	2163
2016-09-27	2974.59	2998.23	2969.13	2998.17	+17.74	0.60	0.976	9.30	9.32	9.26	9.31	+0.00	0.64	42,702,782	397,080,760	0.145	1832
2016-09-28	3000.70	3000.70	2984.32	2987.86	-10.31	-0.34	0.546	9.31	9.31	9.16	9.20	-1.18	1.61	50,170,690	463,785,230	0.170	1785
2016-09-29	2992.17	3009.20	2991.91	2998.48	+10.63	0.36	0.579	9.21	9.25	9.20	9.23	+0.33	0.54	24,665,571	227,720,530	0.083	2248
2016-09-30	2994.25	3009.20	2993.06	3004.70	+6.22	0.21	0.538	9.23	9.29	9.23	9.26	+0.33	0.65	24,478,180	226,785,230	0.083	1958
2016-10-10	3020.46	3048.24	3014.62	3048.14	+43.44	1.45	1.12	9.26	9.36	9.26	9.33	+0.76	1.08	29,638,856	276,015,700	0.100	2120
2016-10-11	3051.62	3066.10	3048.02	3065.25	+17.11	0.56	0.593	9.32	9.34	9.28	9.31	-0.21	0.64	34,307,040	319,143,730	0.116	2112
2016-10-12	3057.32	3060.51	3048.89	3058.50	-6.75	-0.22	0.379	9.29	9.31	9.26	9.27	-0.43	0.54	28,790,976	267,070,000	0.097	1889
2016-10-13	3057.97	3065.00	3052.64	3061.35	+2.85	0.09	0.404	9.26	9.27	9.14	9.19	-0.86	1.40	69,499,004	638,628,020	0.235	2235
2016-10-14	3056.99	3064.79	3043.18	3063.81	+2.46	0.08	0.706	9.18	9.26	9.17	9.24	+0.54	0.98	34,985,913	322,788,470	0.118	2292
2016-10-17	3064.69	3068.81	3033.75	3041.17	-22.64	-0.74	1.14	9.23	9.29	9.19	9.24	+0.00	1.08	31,322,090	289,216,800	0.106	1863
2016-10-18	3037.40	3084.19	3037.40	3083.88	+42.71	1.40	1.54	9.23	9.28	9.23	9.27	+0.32	0.54	26,011,675	240,904,610	0.088	1802
2016-10-19	3085.75	3096.22	3076.77	3084.72	+0.84	0.03	0.631	9.27	9.30	9.27	9.28	+0.11	0.32	16,627,159	154,289,240	0.056	1893
2016-10-20	3084.91	3089.68	3076.30	3084.46	-0.26	-0.01	0.434	9.29	9.31	9.28	9.29	+0.11	0.32	18,137,451	168,581,750	0.061	1682
2016-10-21	3081.39	3101.85	3069.27	3090.94	+6.48	0.21	1.06	9.28	9.31	9.26	9.29	+0.00	0.54	21,363,836	198,270,260	0.072	1885
2016-10-24	3092.05	3137.03	3090.79	3128.25	+37.31	1.21	1.50	9.28	9.40	9.27	9.37	+0.86	1.40	45,969,076	429,808,720	0.156	2116
2016-10-25	3127.97	3132.50	3121.05	3131.94	+3.69	0.12	0.366	9.36	9.39	9.33	9.36	-0.11	0.64	23,890,718	223,731,830	0.081	2107
2016-10-26	3129.84	3129.84	3110.39	3116.31	-15.63	-0.50	0.621	9.33	9.35	9.26	9.28	-0.85	0.96	27,654,909	256,869,840	0.094	2054
2016-10-27	3112.60	3114.76	3100.39	3112.35	-3.96	-0.13	0.461	9.26	9.31	9.24	9.27	-0.11	0.75	24,219,135	224,412,100	0.082	1726
2016-10-28	3111.70	3128.64	3101.24	3104.27	-8.08	-0.26	0.880	9.25	9.33	9.25	9.31	+0.43	0.86	41,278,345	382,948,520	0.140	2133
2016-10-31	3097.19	3102.30	3081.07	3100.49	-3.78	-0.12	0.684	9.30	9.30	9.14	9.20	-1.18	1.72	48,642,878	446,877,890	0.165	2413
2016-11-01	3101.66	3122.61	3097.04	3122.44	+21.95	0.71	0.825	9.20	9.23	9.16	9.21	+0.11	0.76	22,980,490	211,552,460	0.078	1769
2016-11-02	3115.73	3118.98	3099.82	3102.73	-19.71	-0.63	0.614	9.18	9.21	9.13	9.16	-0.54	0.87	47,408,721	433,805,040	0.160	2404
2016-11-03	3096.77	3140.93	3094.10	3128.94	+26.21	0.84	1.51	9.16	9.23	9.13	9.19	+0.33	1.09	50,655,655	465,237,730	0.171	2122
2016-11-04	3126.35	3141.33	3119.54	3125.32	-3.62	-0.12	0.696	9.18	9.21	9.14	9.16	-0.33	0.76	35,280,119	323,537,410	0.119	2157
2016-11-07	3124.89	3139.20	3117.10	3133.33	+8.01	0.26	0.707	9.15	9.17	9.13	9.16	+0.00	0.44	28,920,438	264,617,200	0.098	1971
2016-11-08	3140.94	3156.88	3134.95	3147.89	+14.56	0.46	0.700	9.16	9.19	9.14	9.17	+0.11	0.55	38,606,834	353,720,850	0.131	1908
2016-11-09	3146.08	3146.95	3096.95	3128.37	-19.52	-0.62	1.59	9.18	9.18	9.04	9.11	-0.65	1.53	77,945,507	708,899,650	0.264	2136
2016-11-10	3148.54	3172.31	3148.54	3171.28	+42.91	1.37	0.760	9.14	9.17	9.12	9.16	+0.55	0.55	66,369,353	607,422,570	0.225	1894
2016-11-11	3169.40	3202.74	3166.07	3196.04	+24.76	0.78	1.16	9.15	9.21	9.12	9.20	+0.44	0.98	49,228,494	451,278,550	0.167	1984
2016-11-14	3187.71	3221.46	3186.80	3210.37	+14.33	0.45	1.08	9.18	9.24	9.17	9.22	+0.22	0.76	51,239,951	472,058,680	0.173	2221
2016-11-15	3209.95	3214.29	3195.04	3206.99	-3.38	-0.11	0.600	9.22	9.23	9.18	9.21	-0.11	0.54	36,214,512	333,400,980	0.123	2483
2016-11-16	3208.50	3210.89	3195.41	3205.06	-1.93	-0.06	0.483	9.20	9.22	9.16	9.19	-0.22	0.65	52,683,484	484,176,510	0.178	1868
2016-11-17	3198.50	3211.05	3187.21	3208.45	+3.39	0.11	0.744	9.18	9.21	9.15	9.20	+0.11	0.65	54,477,995	500,457,080	0.184	1807
2016-11-18	3207.19	3212.39	3187.50	3192.86	-15.59	-0.49	0.776	9.19	9.22	9.17	9.20	+0.00	0.54	50,326,689	462,714,670	0.170	2029
2016-11-21	3188.50	3229.76	3188.28	3218.15	+25.29	0.79	1.30	9.22	9.29	9.18	9.28	+0.87	1.20	55,948,126	517,559,970	0.189	2029
2016-11-22	3220.98	3249.68	3220.98	3248.35	+30.20	0.94	0.892	9.28	9.32	9.28	9.31	+0.32	0.43	70,035,985	651,065,980	0.237	2346
2016-11-23	3247.94	3262.88	3231.59	3241.14	-7.21	-0.22	0.963	9.32	9.47	9.29	9.37	+0.64	1.93	81,035,036	760,934,330	0.274	2220
2016-11-24	3237.43	3257.86	3232.87	3241.74	+0.60	0.02	0.771	9.38	9.40	9.33	9.35	-0.21	0.75	67,367,915	631,023,820	0.228	2082
2016-11-25	3241.24	3262.44	3209.60	3261.94	+20.20	0.62	1.63	9.40	9.42	9.29	9.41	+0.64	1.39	66,262,639	620,586,020	0.224	2151
2016-11-28	3270.05	3288.34	3267.67	3277.00	+15.06	0.46	0.634	9.41	9.57	9.35	9.40	-0.11	2.34	188,418,890	1,775,621,600	0.638	2523
2016-11-29	3269.23	3301.21	3263.40	3282.92	+5.92	0.18	1.15	9.40	9.48	9.37	9.47	+0.74	1.17	175,280,440	1,654,117,100	0.593	2535
2016-11-30	3272.14	3277.27	3239.52	3250.03	-32.89	-1.00	1.15	9.49	9.52	9.43	9.50	+0.32	0.95	111,034,920	1,051,281,860	0.376	2455
2016-12-01	3257.03	3279.67	3256.26	3273.31	+23.28	0.72	0.720	9.53	9.75	9.41	9.43	-0.74	3.58	199,387,020	1,901,931,200	0.675	2492
2016-12-02	3270.12	3279.71	3235.28	3243.84	-29.47	-0.90	1.36	9.43	9.48	9.31	9.43	+0.00	1.80	124,506,895	1,168,607,120	0.421	2540
2016-12-05	3203.78	3219.52	3194.88	3204.71	-39.13	-1.21	0.760	9.35	9.46	9.30	9.43	+0.00	1.70	109,729,425	1,028,899,580	0.371	2485
2016-12-06	3202.03	3215.31	3196.52	3199.65	-5.06	-0.16	0.586	9.38	9.46	9.37	9.42	-0.11	0.95	48,512,981	457,280,040	0.164	2084
2016-12-07	3198.47	3222.43	3189.49	3222.24	+22.59	0.71	1.03	9.40	9.41	9.32	9.35	-0.74	0.96	50,617,007	473,337,170	0.171	2367
2016-12-08	3225.55	3228.12	3211.47	3215.37	-6.87	-0.21	0.517	9.34	9.73	9.32	9.66	+3.32	4.39	274,859,570	2,627,142,600	0.930	2589
2016-12-09	3209.34	3244.80	3207.04	3232.88	+17.51	0.54	1.17	9.57	9.81	9.54	9.72	+0.62	2.80	191,536,740	1,862,532,900	0.648	2642
2016-12-12	3233.67	3245.09	3149.90	3152.97	-79.91	-2.47	2.94	9.68	9.81	9.53	9.74	+0.21	2.88	143,768,450	1,395,029,400	0.486	2522
2016-12-13	3138.99	3162.50	3118.71	3155.04	+2.07	0.07	1.39	9.67	9.73	9.58	9.67	-0.72	1.54	79,949,729	772,666,620	0.271	2306
2016-12-14	3149.38	3170.02	3136.35	3140.53	-14.51	-0.46	1.07	9.68	9.99	9.66	9.85	+1.86	3.41	273,044,970	2,698,679,700	0.924	2518
2016-12-15	3125.76	3138.78	3100.91	3117.68	-22.85	-0.73	1.21	9.76	9.88	9.46	9.51	-3.45	4.26	111,255,895	1,064,480,040	0.376	2621
2016-12-16	3111.51	3128.87	3106.35	3122.98	+5.30	0.17	0.722	9.50	9.53	9.33	9.33	-1.89	2.10	205,128,330	1,935,504,600	0.694	2566
2016-12-19	3120.70	3125.28	3110.08	3118.08	-4.90	-0.16	0.487	9.31	9.33	9.19	9.26	-0.75	1.50	52,036,086	480,802,990	0.176	3123
2016-12-20	3115.90	3117.01	3084.80	3102.88	-15.20	-0.49	1.03	9.32	9.37	9.18	9.25	-0.11	2.05	66,115,841	611,317,170	0.224	3385
2016-12-21	3107.24	3140.25	3107.24	3137.43	+34.55	1.11	1.06	9.20	9.25	9.18	9.24	-0.11	0.76	53,616,202	494,283,520	0.181	3527
2016-12-22	3132.16	3143.17	3126.89	3139.56	+2.13	0.07	0.519	9.22	9.22	9.15	9.18	-0.65	0.76	40,855,026	374,824,260	0.138	3578
2016-12-23	3134.93	3138.40	3103.75	3110.15	-29.41	-0.94	1.10	9.18	9.18	9.10	9.16	-0.22	0.87	38,903,329	355,004,040	0.132	3070
2016-12-26	3095.58	3122.88	3068.42	3122.57	+12.42	0.40	1.75	9.10	9.15	9.05	9.14	-0.22	1.09	40,541,730	368,731,700	0.137	3084
2016-12-27	3117.39	3127.88	3113.75	3114.66	-7.91	-0.25	0.453	9.14	9.17	9.07	9.09	-0.55	1.09	47,739,678	435,080,270	0.162	3198
2016-12-28	3113.77	3118.78	3094.55	3102.24	-12.42	-0.40	0.778	9.09	9.10	9.01	9.05	-0.44	0.99	63,856,267	577,426,120	0.216	3189
2016-12-29	3095.84	3111.80	3087.34	3096.10	-6.14	-0.20	0.788	9.04	9.08	9.02	9.06	+0.11	0.66	37,785,721	341,997,320	0.128	2728
2016-12-30	3097.35	3108.84	3089.99	3103.64	+7.54	0.24	0.609	9.08	9.11	9.05	9.08	+0.22	0.66	54,821,371	497,483,710	0.186	2763
2017-01-03	3105.31	3136.46	3105.31	3135.92	+32.28	1.04	1.00	9.08	9.16	9.05	9.11	+0.33	1.21	58,352,389	531,505,640	0.197	3088
2017-01-04	3133.79	3160.10	3130.11	3158.79	+22.87	0.73	0.956	9.10	9.12	9.04	9.11	+0.00	0.88	73,120,372	663,889,520	0.247	3321
2017-01-05	3157.91	3168.50	3154.28	3165.41	+6.62	0.21	0.450	9.11	9.12	9.07	9.08	-0.33	0.55	56,243,309	511,452,910	0.190	3241
2017-01-06	3163.78	3172.03	3153.03	3154.32	-11.09	-0.35	0.600	9.08	9.09	9.01	9.01	-0.77	0.88	55,732,553	503,621,290	0.189	3146
2017-01-09	3148.53	3173.14	3147.74	3171.24	+16.92	0.54	0.805	9.00	9.04	8.98	9.02	+0.11	0.67	49,114,801	442,818,750	0.166	3560
2017-01-10	3167.57	3174.58	3157.33	3161.67	-9.57	-0.30	0.544	9.01	9.05	9.01	9.03	+0.11	0.44	38,946,271	351,732,170	0.132	2735
2017-01-11	3156.69	3167.03	3136.27	3136.75	-24.92	-0.79	0.973	9.03	9.05	8.98	8.99	-0.44	0.78	38,822,892	350,048,430	0.131	2912
2017-01-12	3133.60	3144.97	3115.98	3119.29	-17.46	-0.56	0.924	9.00	9.03	8.98	9.00	+0.11	0.56	22,511,184	202,778,270	0.076	2722
2017-01-13	3116.08	3130.51	3102.16	3112.76	-6.53	-0.21	0.909	8.99	9.10	8.98	9.08	+0.89	1.33	59,021,403	534,243,620	0.200	2913
2017-01-16	3104.49	3105.14	3044.29	3103.43	-9.33	-0.30	1.95	9.07	9.27	8.97	9.20	+1.32	3.30	196,318,560	1,798,612,100	0.664	3233
2017-01-17	3087.03	3108.91	3072.34	3108.77	+5.34	0.17	1.18	9.16	9.19	9.13	9.15	-0.54	0.65	31,710,844	290,563,850	0.107	3123
2017-01-18	3104.77	3123.72	3098.59	3113.01	+4.24	0.14	0.808	9.17	9.20	9.13	9.18	+0.33	0.77	23,076,975	211,871,130	0.078	3088
2017-01-19	3104.97	3115.78	3094.01	3101.30	-11.71	-0.38	0.699	9.15	9.26	9.14	9.18	+0.00	1.31	24,707,934	227,509,740	0.084	2999
2017-01-20	3095.82	3125.66	3095.21	3123.14	+21.84	0.70	0.982	9.18	9.24	9.15	9.22	+0.44	0.98	27,038,313	248,813,300	0.091	2503
2017-01-23	3125.42	3145.84	3125.42	3136.77	+13.63	0.44	0.654	9.24	9.26	9.19	9.22	+0.00	0.76	23,741,568	218,992,130	0.080	2736
2017-01-24	3134.59	3149.53	3131.22	3142.55	+5.78	0.18	0.584	9.22	9.29	9.21	9.27	+0.54	0.87	27,881,995	258,024,160	0.094	3016
2017-01-25	3137.65	3151.47	3133.19	3149.55	+7.00	0.22	0.582	9.24	9.26	9.20	9.22	-0.54	0.65	16,776,054	154,747,460	0.057	2286
2017-01-26	3149.22	3163.10	3148.91	3159.17	+9.62	0.31	0.451	9.23	9.29	9.23	9.25	+0.33	0.65	19,569,744	181,256,710	0.066	2434
2017-02-03	3160.08	3162.68	3136.01	3140.17	-19.00	-0.60	0.844	9.28	9.28	9.17	9.17	-0.86	1.19	24,803,969	228,389,830	0.084	2201
2017-02-06	3143.09	3158.84	3135.39	3156.98	+16.81	0.54	0.747	9.21	9.23	9.15	9.16	-0.11	0.87	42,566,220	391,284,360	0.144	2899
2017-02-07	3154.40	3159.54	3140.04	3153.09	-3.89	-0.12	0.618	9.16	9.19	9.10	9.14	-0.22	0.98	42,115,167	385,290,960	0.143	3100
2017-02-08	3148.09	3167.45	3132.03	3166.98	+13.89	0.44	1.12	9.11	9.14	9.06	9.12	-0.22	0.88	39,744,917	361,346,730	0.134	3232
2017-02-09	3164.69	3186.84	3162.57	3183.18	+16.20	0.51	0.766	9.12	9.15	9.09	9.12	+0.00	0.66	45,953,000	418,873,640	0.155	3090
2017-02-10	3183.01	3205.05	3182.80	3196.70	+13.52	0.42	0.699	9.13	9.14	9.08	9.11	-0.11	0.66	97,265,021	885,695,660	0.329	3301
2017-02-13	3198.99	3219.41	3198.99	3216.84	+20.14	0.63	0.639	9.12	9.18	9.10	9.14	+0.33	0.88	102,536,449	937,052,260	0.347	3588
2017-02-14	3216.14	3219.40	3205.29	3217.93	+1.09	0.03	0.439	9.14	9.15	9.08	9.10	-0.44	0.77	64,756,099	589,274,960	0.219	3360
2017-02-15	3215.46	3236.00	3206.56	3212.99	-4.94	-0.15	0.915	9.11	9.18	9.08	9.15	+0.55	1.10	144,318,420	1,318,307,670	0.488	3410
2017-02-16	3210.36	3230.28	3207.79	3229.62	+16.63	0.52	0.700	9.14	9.17	9.10	9.12	-0.33	0.77	95,450,196	869,849,750	0.323	3667
2017-02-17	3227.71	3238.40	3199.42	3202.08	-27.54	-0.85	1.21	9.12	9.14	9.03	9.03	-0.99	1.21	107,446,237	975,385,800	0.364	3816
2017-02-20	3198.96	3241.46	3198.96	3239.96	+37.88	1.18	1.33	9.04	9.15	9.03	9.14	+1.22	1.33	157,680,610	1,436,019,400	0.534	4110
2017-02-21	3242.22	3254.34	3239.88	3253.33	+13.37	0.41	0.446	9.16	9.19	9.10	9.13	-0.11	0.98	120,469,003	1,100,914,720	0.408	3726
2017-02-22	3252.69	3261.38	3243.84	3261.22	+7.89	0.24	0.539	9.12	9.12	9.07	9.09	-0.44	0.55	90,558,399	823,358,550	0.306	3649
2017-02-23	3258.83	3264.08	3236.35	3251.38	-9.84	-0.30	0.850	9.10	9.11	9.07	9.08	-0.11	0.44	56,167,373	510,267,980	0.190	3306
2017-02-24	3246.86	3253.96	3233.53	3253.43	+2.05	0.06	0.628	9.08	9.10	9.05	9.07	-0.11	0.55	77,910,682	706,880,080	0.264	3132
2017-02-27	3249.19	3251.65	3224.09	3228.66	-24.77	-0.76	0.847	9.07	9.08	9.02	9.04	-0.33	0.66	80,756,890	729,999,860	0.273	3496
2017-02-28	3225.97	3242.68	3225.97	3241.73	+13.07	0.40	0.518	9.04	9.06	9.02	9.03	-0.11	0.44	44,034,624	397,968,690	0.149	2980
2017-03-01	3240.07	3259.98	3237.87	3246.93	+5.20	0.16	0.682	9.05	9.05	9.02	9.04	+0.11	0.33	68,994,871	623,486,880	0.233	3619
2017-03-02	3250.52	3256.81	3228.66	3230.03	-16.90	-0.52	0.867	9.04	9.06	8.95	8.97	-0.77	1.22	115,946,009	1,043,224,530	0.392	3567
2017-03-03	3219.20	3221.16	3206.61	3218.31	-11.72	-0.36	0.450	8.96	8.99	8.93	8.97	+0.00	0.67	61,988,854	554,774,650	0.210	3225
2017-03-06	3217.33	3234.66	3215.07	3233.87	+15.56	0.48	0.609	8.96	8.97	8.94	8.96	-0.11	0.33	59,574,979	533,330,380	0.202	3533
2017-03-07	3233.09	3242.66	3226.82	3242.41	+8.54	0.26	0.490	8.95	8.98	8.93	8.97	+0.11	0.56	34,339,894	307,714,880	0.116	3191
2017-03-08	3240.53	3245.30	3230.61	3240.66	-1.75	-0.05	0.453	8.96	8.97	8.90	8.92	-0.56	0.78	56,316,198	502,746,150	0.191	3008
2017-03-09	3233.70	3233.87	3205.28	3216.75	-23.91	-0.74	0.882	8.90	8.91	8.85	8.87	-0.56	0.67	54,516,573	483,861,450	0.184	3428
2017-03-10	3213.73	3222.32	3208.45	3212.76	-3.99	-0.12	0.431	8.87	8.89	8.82	8.84	-0.34	0.79	40,672,973	360,003,770	0.138	3089
2017-03-13	3209.45	3237.12	3193.16	3237.02	+24.26	0.76	1.37	8.84	8.87	8.80	8.86	+0.23	0.79	44,713,567	395,086,240	0.151	3439
2017-03-14	3235.25	3246.33	3231.52	3239.33	+2.31	0.07	0.458	8.85	8.87	8.82	8.84	-0.23	0.56	44,623,389	394,734,770	0.151	3073
2017-03-15	3235.40	3243.71	3227.74	3241.76	+2.43	0.08	0.493	8.83	8.87	8.81	8.86	+0.23	0.68	46,471,270	410,520,130	0.157	3545
2017-03-16	3247.16	3269.77	3247.16	3268.94	+27.18	0.84	0.697	8.86	8.90	8.85	8.88	+0.23	0.56	70,457,489	625,518,310	0.238	3676
2017-03-17	3271.87	3274.19	3232.28	3237.45	-31.49	-0.96	1.28	8.89	8.89	8.78	8.81	-0.79	1.24	93,164,446	822,494,700	0.315	3527
2017-03-20	3241.11	3251.13	3228.12	3250.81	+13.36	0.41	0.711	8.80	8.82	8.68	8.71	-1.14	1.59	103,859,324	906,805,030	0.351	3756
2017-03-21	3250.25	3262.22	3246.70	3261.61	+10.80	0.33	0.477	8.70	8.71	8.64	8.67	-0.46	0.80	92,089,283	797,315,370	0.312	3740
2017-03-22	3246.22	3255.78	3229.13	3245.22	-16.39	-0.50	0.817	8.64	8.64	8.51	8.55	-1.38	1.50	124,313,826	1,064,697,470	0.421	3893
2017-03-23	3245.81	3262.09	3221.93	3248.55	+3.33	0.10	1.24	8.55	8.60	8.54	8.59	+0.47	0.70	100,749,103	864,095,910	0.341	3515
