0.3416577921078098
0.3507430430444601
0.3377454402461
0.29201639712784166
0.3347021945543859
0.33169714017982194
0.3112561509734428
0.29445428456042116
0.39216812574459464
0.467326454948318
0.48740334592490464
0.24323826269722382
0.4177694699517789
0.46955065447202776
0.4551048821568801
0.44940762329460954
0.4716714998060668
0.4475801870193711
0.4320003407714502
0.44874110105726567
0.4362320687354273
0.429872890832046
0.3858608761323691
0.36768952574204955
0.3821012774392801
0.3446624914167062
0.36572234978121615
0.3457960279850455
0.24640815755386353
0.3255817234887147
0.3622784858583125
0.273517052354863
0.2543455861200321
0.3075588145629709
0.2960853686287979
0.3179868552452522
0.2234118504168964
0.25996078536258416
0.29434805106230927
0.21444361044256754
0.18701950399977557
0.19826627063157745
0.16636358773745893
0.20063369410927576
0.164063798009746
0.16566586641505351
0.1343255321116149
0.1434872066766554
0.10878054237070639
0.10119992596830918
0.05892121769841411
